    X          Y          T         n          ux         uy    
  -408.000   -408.000   0.000000          0   0.000000   0.000000 
  -349.714   -408.000   0.000000          0   0.000000   0.000000 
  -291.429   -408.000   0.000000          0   0.000000   0.000000 
  -233.143   -408.000   0.000000          0   0.000000   0.000000 
  -174.857   -408.000   0.000000          0   0.000000   0.000000 
  -116.571   -408.000   0.000000          0   0.000000   0.000000 
   -58.286   -408.000   0.000000          0   0.000000   0.000000 
     0.000   -408.000   0.000000          0   0.000000   0.000000 
    58.286   -408.000   0.000000          0   0.000000   0.000000 
   116.571   -408.000   0.000000          0   0.000000   0.000000 
   174.857   -408.000   0.000000          0   0.000000   0.000000 
   233.143   -408.000   0.000000          0   0.000000   0.000000 
   291.429   -408.000   0.000000          0   0.000000   0.000000 
   349.714   -408.000   0.000000          0   0.000000   0.000000 
   408.000   -408.000   0.000000          0   0.000000   0.000000 
  -408.000   -349.714   0.000000          0   0.000000   0.000000 
  -349.714   -349.714   0.000000          0   0.000000   0.000000 
  -291.429   -349.714   0.000000          0   0.000000   0.000000 
  -233.143   -349.714   0.000000          0   0.000000   0.000000 
  -174.857   -349.714   0.367721        829   0.129204  -0.019246 
  -116.571   -349.714   0.337187       2170   0.106102   0.002161 
   -58.286   -349.714   0.353270       3175   0.117914  -0.060292 
     0.000   -349.714   0.374675       4183   0.227981  -0.076627 
    58.286   -349.714   0.367788       5510   0.214864   0.017228 
   116.571   -349.714   0.343447       3696   0.257844   0.084623 
   174.857   -349.714   0.379679       2463   0.208161   0.070882 
   233.143   -349.714   0.000000          0   0.000000   0.000000 
   291.429   -349.714   0.000000          0   0.000000   0.000000 
   349.714   -349.714   0.000000          0   0.000000   0.000000 
   408.000   -349.714   0.000000          0   0.000000   0.000000 
  -408.000   -291.429   0.000000          0   0.000000   0.000000 
  -349.714   -291.429   0.000000          0   0.000000   0.000000 
  -291.429   -291.429   0.589500          7   0.292209   0.362809 
  -233.143   -291.429   0.357887       3364   0.164278  -0.113897 
  -174.857   -291.429   0.364022       4764   0.178546  -0.076620 
  -116.571   -291.429   0.341962       4739   0.234945  -0.036603 
   -58.286   -291.429   0.419630       4763   0.273068  -0.073592 
     0.000   -291.429   0.396340       4040   0.216968  -0.045881 
    58.286   -291.429   0.333517       3728   0.161834  -0.025593 
   116.571   -291.429   0.305524       6038   0.119423   0.073836 
   174.857   -291.429   0.305475       6660   0.128992   0.088094 
   233.143   -291.429   0.337794       5805   0.147882   0.093887 
   291.429   -291.429   0.349042        304   0.085729   0.119766 
   349.714   -291.429   0.000000          0   0.000000   0.000000 
   408.000   -291.429   0.000000          0   0.000000   0.000000 
  -408.000   -233.143   0.000000          0   0.000000   0.000000 
  -349.714   -233.143   0.000000          0   0.000000   0.000000 
  -291.429   -233.143   0.407599       2263   0.202775  -0.294567 
  -233.143   -233.143   0.462304       3899   0.134580  -0.093155 
  -174.857   -233.143   0.455582       2956   0.108795  -0.083201 
  -116.571   -233.143   0.489376       3501   0.139696  -0.155152 
   -58.286   -233.143   0.504691       3548   0.096911  -0.053586 
     0.000   -233.143   0.420772       6056   0.082632  -0.001862 
    58.286   -233.143   0.382893       4263   0.115044   0.004630 
   116.571   -233.143   0.419660       4661   0.071948   0.051258 
   174.857   -233.143   0.443555       4196   0.091060   0.121428 
   233.143   -233.143   0.387933       5835   0.118297   0.093564 
   291.429   -233.143   0.398285       6209   0.122371   0.136318 
   349.714   -233.143   0.000000          0   0.000000   0.000000 
   408.000   -233.143   0.000000          0   0.000000   0.000000 
  -408.000   -174.857   0.000000          0   0.000000   0.000000 
  -349.714   -174.857   0.288696        452   0.082794  -0.358939 
  -291.429   -174.857   0.359618       3576   0.137352  -0.218434 
  -233.143   -174.857   0.363596       4788   0.098297  -0.091459 
  -174.857   -174.857   0.457151       4246   0.153699  -0.068249 
  -116.571   -174.857   0.421606       3979   0.071153  -0.053258 
   -58.286   -174.857   0.435811       4971   0.041584  -0.089891 
     0.000   -174.857   0.461079       5002   0.075047  -0.056911 
    58.286   -174.857   0.473327       4475   0.084993   0.066446 
   116.571   -174.857   0.482103       5982   0.056843   0.064304 
   174.857   -174.857   0.451340       4998   0.066330   0.011161 
   233.143   -174.857   0.400837       4345   0.116843   0.096541 
   291.429   -174.857   0.407804       5896   0.122082   0.150270 
   349.714   -174.857   0.386504       2668   0.116300   0.256808 
   408.000   -174.857   0.000000          0   0.000000   0.000000 
  -408.000   -116.571   0.000000          0   0.000000   0.000000 
  -349.714   -116.571   0.367249       2084   0.143842  -0.264924 
  -291.429   -116.571   0.425952       4257   0.072832  -0.227039 
  -233.143   -116.571   0.434614       3656   0.063471  -0.099188 
  -174.857   -116.571   0.441201       5065   0.068257  -0.040881 
  -116.571   -116.571   0.461128       4080   0.081478  -0.045529 
   -58.286   -116.571   0.500530       4813   0.016406  -0.017562 
     0.000   -116.571   0.540783       4460  -0.027726  -0.110405 
    58.286   -116.571   0.408351       4879  -0.029316   0.057498 
   116.571   -116.571   0.509322       3969   0.033416   0.095851 
   174.857   -116.571   0.454553       5474  -0.008795   0.028858 
   233.143   -116.571   0.427467       5255  -0.024566   0.063684 
   291.429   -116.571   0.442068       4320   0.000740   0.158702 
   349.714   -116.571   0.434641       4444   0.027906   0.260514 
   408.000   -116.571   0.000000          0   0.000000   0.000000 
  -408.000    -58.286   0.000000          0   0.000000   0.000000 
  -349.714    -58.286   0.443321       2976   0.041077  -0.311436 
  -291.429    -58.286   0.434227       3472   0.003737  -0.225348 
  -233.143    -58.286   0.388013       4099   0.062652  -0.136393 
  -174.857    -58.286   0.433273       4278   0.007979   0.003526 
  -116.571    -58.286   0.505559       4699  -0.025325  -0.020787 
   -58.286    -58.286   0.517302       6232   0.002890  -0.021709 
     0.000    -58.286   0.528472       5111  -0.032770  -0.005324 
    58.286    -58.286   0.489499       6296  -0.019352   0.015435 
   116.571    -58.286   0.504076       5169  -0.031996   0.048555 
   174.857    -58.286   0.502637       4765   0.015358   0.058612 
   233.143    -58.286   0.480077       4483  -0.066749   0.079416 
   291.429    -58.286   0.504149       5656  -0.042891   0.116879 
   349.714    -58.286   0.550343       3355  -0.022798   0.280448 
   408.000    -58.286   0.000000          0   0.000000   0.000000 
  -408.000      0.000   0.000000          0   0.000000   0.000000 
  -349.714      0.000   0.425299       4164  -0.008959  -0.225917 
  -291.429      0.000   0.392627       3564   0.024329  -0.234032 
  -233.143      0.000   0.472677       4700  -0.028619  -0.105373 
  -174.857      0.000   0.391168       5069  -0.037977   0.042099 
  -116.571      0.000   0.534313       3125  -0.066014  -0.056910 
   -58.286      0.000   0.643922       3417  -0.016950  -0.012703 
     0.000      0.000   0.445676       5225  -0.033486  -0.017216 
    58.286      0.000   0.546246       4624  -0.059308   0.033924 
   116.571      0.000   0.465650       6329  -0.025455   0.011034 
   174.857      0.000   0.521332       4172  -0.054700   0.080386 
   233.143      0.000   0.478588       5623  -0.017469   0.070642 
   291.429      0.000   0.578015       3322  -0.006990   0.111419 
   349.714      0.000   0.526789       4222   0.020604   0.255876 
   408.000      0.000   0.000000          0   0.000000   0.000000 
  -408.000     58.286   0.000000          0   0.000000   0.000000 
  -349.714     58.286   0.380262       4079  -0.050956  -0.199809 
  -291.429     58.286   0.408054       3916  -0.061642  -0.195627 
  -233.143     58.286   0.489082       3688  -0.125220  -0.054999 
  -174.857     58.286   0.384751       4894  -0.081280  -0.047230 
  -116.571     58.286   0.484961       4781  -0.022099  -0.012926 
   -58.286     58.286   0.499260       5840  -0.057086  -0.029714 
     0.000     58.286   0.481076       4698  -0.044366   0.032911 
    58.286     58.286   0.555799       5189  -0.005314   0.015665 
   116.571     58.286   0.518543       5591  -0.034686   0.023280 
   174.857     58.286   0.479364       4156  -0.055685   0.067385 
   233.143     58.286   0.519773       5214  -0.023617   0.081054 
   291.429     58.286   0.446065       5132  -0.084855   0.109045 
   349.714     58.286   0.438819       4322  -0.072180   0.148789 
   408.000     58.286   0.000000          0   0.000000   0.000000 
  -408.000    116.571   0.000000          0   0.000000   0.000000 
  -349.714    116.571   0.312067       3467  -0.020915  -0.171002 
  -291.429    116.571   0.346438       5115  -0.034016  -0.131284 
  -233.143    116.571   0.483676       4162  -0.046420  -0.002065 
  -174.857    116.571   0.421908       4656  -0.082986  -0.075099 
  -116.571    116.571   0.503155       4743  -0.053853  -0.065884 
   -58.286    116.571   0.541048       3613   0.008192  -0.009147 
     0.000    116.571   0.536139       5511  -0.008830  -0.030440 
    58.286    116.571   0.496041       5617  -0.006024   0.012514 
   116.571    116.571   0.519588       5087  -0.049363   0.079640 
   174.857    116.571   0.484201       4595  -0.063646   0.058215 
   233.143    116.571   0.500427       3995  -0.064552   0.037508 
   291.429    116.571   0.426951       2891   0.011591   0.239084 
   349.714    116.571   0.405857       2878  -0.004822   0.205071 
   408.000    116.571   0.000000          0   0.000000   0.000000 
  -408.000    174.857   0.000000          0   0.000000   0.000000 
  -349.714    174.857   0.401429       1282  -0.061207  -0.219825 
  -291.429    174.857   0.387354       5276  -0.118397  -0.110752 
  -233.143    174.857   0.402659       4109  -0.085792  -0.051768 
  -174.857    174.857   0.450561       4331  -0.028041  -0.067404 
  -116.571    174.857   0.480059       4446  -0.103352  -0.053169 
   -58.286    174.857   0.466277       5872  -0.047893  -0.049235 
     0.000    174.857   0.511568       5467  -0.067872  -0.007687 
    58.286    174.857   0.501907       5468  -0.090341   0.032901 
   116.571    174.857   0.448233       6302  -0.040214   0.107107 
   174.857    174.857   0.451043       4739  -0.095156   0.020653 
   233.143    174.857   0.420914       5115  -0.076684   0.030763 
   291.429    174.857   0.387298       5280  -0.107391   0.138739 
   349.714    174.857   0.357818       1385  -0.155508   0.128064 
   408.000    174.857   0.000000          0   0.000000   0.000000 
  -408.000    233.143   0.000000          0   0.000000   0.000000 
  -349.714    233.143   0.000000          0   0.000000   0.000000 
  -291.429    233.143   0.336631       2565  -0.112972  -0.162888 
  -233.143    233.143   0.337641       4783  -0.070798  -0.134714 
  -174.857    233.143   0.417862       4652  -0.044371  -0.018686 
  -116.571    233.143   0.409931       4037  -0.045561   0.010815 
   -58.286    233.143   0.359282       5542  -0.077606  -0.056647 
     0.000    233.143   0.455035       4468  -0.095318   0.001326 
    58.286    233.143   0.505866       3815  -0.127832   0.063638 
   116.571    233.143   0.481327       5087  -0.102706   0.040656 
   174.857    233.143   0.448712       3175  -0.034565   0.083058 
   233.143    233.143   0.335779       5906  -0.075267   0.051822 
   291.429    233.143   0.303928       3488  -0.095801   0.129761 
   349.714    233.143   0.000000          0   0.000000   0.000000 
   408.000    233.143   0.000000          0   0.000000   0.000000 
  -408.000    291.429   0.000000          0   0.000000   0.000000 
  -349.714    291.429   0.000000          0   0.000000   0.000000 
  -291.429    291.429   0.006459          2  -0.393360  -0.480692 
  -233.143    291.429   0.273345       3460  -0.160052  -0.137030 
  -174.857    291.429   0.342887       4293  -0.169154  -0.112690 
  -116.571    291.429   0.403241       3601  -0.093030   0.004801 
   -58.286    291.429   0.428007       5069  -0.126231  -0.021995 
     0.000    291.429   0.460113       3716  -0.178784   0.015829 
    58.286    291.429   0.407884       4624  -0.145259   0.054587 
   116.571    291.429   0.336198       5584  -0.103911  -0.011943 
   174.857    291.429   0.503576       5640  -0.113959   0.087266 
   233.143    291.429   0.388108       3397  -0.093271   0.069145 
   291.429    291.429   0.340891         35  -0.249568   0.075107 
   349.714    291.429   0.000000          0   0.000000   0.000000 
   408.000    291.429   0.000000          0   0.000000   0.000000 
  -408.000    349.714   0.000000          0   0.000000   0.000000 
  -349.714    349.714   0.000000          0   0.000000   0.000000 
  -291.429    349.714   0.000000          0   0.000000   0.000000 
  -233.143    349.714   0.000000          0   0.000000   0.000000 
  -174.857    349.714   0.243816        737  -0.314461  -0.170182 
  -116.571    349.714   0.462110       1947  -0.360307  -0.063492 
   -58.286    349.714   0.412286       3065  -0.192611  -0.035488 
     0.000    349.714   0.400333       3510  -0.175309   0.001905 
    58.286    349.714   0.402704       3891  -0.116025   0.039174 
   116.571    349.714   0.483982       2808  -0.121206   0.035232 
   174.857    349.714   0.532167        770  -0.153614   0.052310 
   233.143    349.714   0.000000          0   0.000000   0.000000 
   291.429    349.714   0.000000          0   0.000000   0.000000 
   349.714    349.714   0.000000          0   0.000000   0.000000 
   408.000    349.714   0.000000          0   0.000000   0.000000 
  -408.000    408.000   0.000000          0   0.000000   0.000000 
  -349.714    408.000   0.000000          0   0.000000   0.000000 
  -291.429    408.000   0.000000          0   0.000000   0.000000 
  -233.143    408.000   0.000000          0   0.000000   0.000000 
  -174.857    408.000   0.000000          0   0.000000   0.000000 
  -116.571    408.000   0.000000          0   0.000000   0.000000 
   -58.286    408.000   0.000000          0   0.000000   0.000000 
     0.000    408.000   0.000000          0   0.000000   0.000000 
    58.286    408.000   0.000000          0   0.000000   0.000000 
   116.571    408.000   0.000000          0   0.000000   0.000000 
   174.857    408.000   0.000000          0   0.000000   0.000000 
   233.143    408.000   0.000000          0   0.000000   0.000000 
   291.429    408.000   0.000000          0   0.000000   0.000000 
   349.714    408.000   0.000000          0   0.000000   0.000000 
   408.000    408.000   0.000000          0   0.000000   0.000000 
