    X          Y          T         n          ux         uy    
  -408.000   -408.000   0.000000          0   0.000000   0.000000 
  -349.714   -408.000   0.000000          0   0.000000   0.000000 
  -291.429   -408.000   0.000000          0   0.000000   0.000000 
  -233.143   -408.000   0.000000          0   0.000000   0.000000 
  -174.857   -408.000   0.000000          0   0.000000   0.000000 
  -116.571   -408.000   0.000000          0   0.000000   0.000000 
   -58.286   -408.000   0.000000          0   0.000000   0.000000 
     0.000   -408.000   0.000000          0   0.000000   0.000000 
    58.286   -408.000   0.000000          0   0.000000   0.000000 
   116.571   -408.000   0.000000          0   0.000000   0.000000 
   174.857   -408.000   0.000000          0   0.000000   0.000000 
   233.143   -408.000   0.000000          0   0.000000   0.000000 
   291.429   -408.000   0.000000          0   0.000000   0.000000 
   349.714   -408.000   0.000000          0   0.000000   0.000000 
   408.000   -408.000   0.000000          0   0.000000   0.000000 
  -408.000   -349.714   0.000000          0   0.000000   0.000000 
  -349.714   -349.714   0.000000          0   0.000000   0.000000 
  -291.429   -349.714   0.000000          0   0.000000   0.000000 
  -233.143   -349.714   0.000000          0   0.000000   0.000000 
  -174.857   -349.714   0.358518        575   0.171774  -0.191557 
  -116.571   -349.714   0.264459       2633   0.135889  -0.039694 
   -58.286   -349.714   0.270086       3205   0.180401   0.000080 
     0.000   -349.714   0.308404       3383   0.176644  -0.023429 
    58.286   -349.714   0.270036       4685   0.137868   0.018219 
   116.571   -349.714   0.328885       2658   0.216960   0.045405 
   174.857   -349.714   0.197736       4191   0.080410   0.030511 
   233.143   -349.714   0.000000          0   0.000000   0.000000 
   291.429   -349.714   0.000000          0   0.000000   0.000000 
   349.714   -349.714   0.000000          0   0.000000   0.000000 
   408.000   -349.714   0.000000          0   0.000000   0.000000 
  -408.000   -291.429   0.000000          0   0.000000   0.000000 
  -349.714   -291.429   0.000000          0   0.000000   0.000000 
  -291.429   -291.429   0.161826         40   0.115791  -0.000086 
  -233.143   -291.429   0.235503       2678   0.086107  -0.045876 
  -174.857   -291.429   0.285755       3802   0.111656  -0.084023 
  -116.571   -291.429   0.275666       4411   0.091631  -0.050963 
   -58.286   -291.429   0.357813       3974   0.105721  -0.010378 
     0.000   -291.429   0.296231       5021   0.082954  -0.035906 
    58.286   -291.429   0.339019       3839   0.157244   0.023296 
   116.571   -291.429   0.228974       4306   0.107599  -0.010687 
   174.857   -291.429   0.267020       6489   0.097382   0.025738 
   233.143   -291.429   0.286444       5638   0.120215   0.110487 
   291.429   -291.429   0.343536        228   0.174542   0.180963 
   349.714   -291.429   0.000000          0   0.000000   0.000000 
   408.000   -291.429   0.000000          0   0.000000   0.000000 
  -408.000   -233.143   0.000000          0   0.000000   0.000000 
  -349.714   -233.143   0.000000          0   0.000000   0.000000 
  -291.429   -233.143   0.235780       1841   0.160547  -0.157064 
  -233.143   -233.143   0.270900       6293   0.089482  -0.084093 
  -174.857   -233.143   0.261340       4833   0.085476  -0.018255 
  -116.571   -233.143   0.319526       3313   0.122454  -0.084454 
   -58.286   -233.143   0.301849       5457   0.084769  -0.045479 
     0.000   -233.143   0.336742       5094   0.129012  -0.019160 
    58.286   -233.143   0.289158       5849   0.049955   0.021209 
   116.571   -233.143   0.324551       4442   0.087955   0.053878 
   174.857   -233.143   0.327936       6136   0.081782  -0.025219 
   233.143   -233.143   0.359510       4645   0.154374   0.072577 
   291.429   -233.143   0.292304       7274   0.109981   0.126755 
   349.714   -233.143   0.000000          0   0.000000   0.000000 
   408.000   -233.143   0.000000          0   0.000000   0.000000 
  -408.000   -174.857   0.000000          0   0.000000   0.000000 
  -349.714   -174.857   0.226561        616   0.096045  -0.185578 
  -291.429   -174.857   0.277355       4016   0.077877  -0.207172 
  -233.143   -174.857   0.336407       3511  -0.002386   0.027791 
  -174.857   -174.857   0.335727       3628   0.017199  -0.056465 
  -116.571   -174.857   0.355517       3457   0.070626  -0.131786 
   -58.286   -174.857   0.378966       4612   0.087087  -0.054096 
     0.000   -174.857   0.354905       4964   0.078525  -0.010469 
    58.286   -174.857   0.356500       4369   0.088015   0.027606 
   116.571   -174.857   0.326565       6445   0.076879  -0.002098 
   174.857   -174.857   0.348971       5628   0.076653  -0.001864 
   233.143   -174.857   0.330144       3708   0.053513   0.040411 
   291.429   -174.857   0.271501       7275   0.054741   0.130972 
   349.714   -174.857   0.354897       2258   0.081924   0.238714 
   408.000   -174.857   0.000000          0   0.000000   0.000000 
  -408.000   -116.571   0.000000          0   0.000000   0.000000 
  -349.714   -116.571   0.253657       1456   0.072024  -0.197516 
  -291.429   -116.571   0.287549       4212  -0.005896  -0.103033 
  -233.143   -116.571   0.357195       3315   0.018708  -0.130738 
  -174.857   -116.571   0.295170       4653   0.097152  -0.087446 
  -116.571   -116.571   0.297250       4684   0.096624  -0.055601 
   -58.286   -116.571   0.341906       4757   0.046008  -0.074703 
     0.000   -116.571   0.371486       5476  -0.023042   0.039842 
    58.286   -116.571   0.430468       4679   0.018087  -0.000779 
   116.571   -116.571   0.335843       6206   0.022014  -0.021794 
   174.857   -116.571   0.376507       5165   0.027103   0.024502 
   233.143   -116.571   0.303356       5803   0.025791   0.024143 
   291.429   -116.571   0.321851       4798  -0.005791   0.163776 
   349.714   -116.571   0.308560       4542   0.012294   0.188861 
   408.000   -116.571   0.000000          0   0.000000   0.000000 
  -408.000    -58.286   0.000000          0   0.000000   0.000000 
  -349.714    -58.286   0.327096       1696  -0.016705  -0.254111 
  -291.429    -58.286   0.288583       2638   0.007202  -0.156561 
  -233.143    -58.286   0.294311       3901   0.067771  -0.112645 
  -174.857    -58.286   0.390638       4092   0.030519  -0.156144 
  -116.571    -58.286   0.391745       5235   0.024174  -0.004853 
   -58.286    -58.286   0.363016       5360  -0.037330   0.024915 
     0.000    -58.286   0.429886       5054  -0.043730  -0.020570 
    58.286    -58.286   0.385953       5488  -0.012368  -0.002674 
   116.571    -58.286   0.394162       5047   0.005051  -0.030784 
   174.857    -58.286   0.347258       4661  -0.025688   0.038327 
   233.143    -58.286   0.360172       4976  -0.062170   0.087234 
   291.429    -58.286   0.336491       4361  -0.102875   0.188874 
   349.714    -58.286   0.300896       3192  -0.047619   0.158690 
   408.000    -58.286   0.000000          0   0.000000   0.000000 
  -408.000      0.000   0.000000          0   0.000000   0.000000 
  -349.714      0.000   0.271673       2565   0.043015  -0.203066 
  -291.429      0.000   0.275661       4922   0.060759  -0.112640 
  -233.143      0.000   0.373502       4952   0.003379  -0.044988 
  -174.857      0.000   0.373694       4863  -0.050099  -0.105426 
  -116.571      0.000   0.473734       4446  -0.129249   0.035573 
   -58.286      0.000   0.408430       4431  -0.076061  -0.016781 
     0.000      0.000   0.507930       4715  -0.043468   0.026619 
    58.286      0.000   0.401524       5464  -0.067622  -0.069703 
   116.571      0.000   0.414484       5294  -0.077251   0.006956 
   174.857      0.000   0.434260       5069  -0.079073   0.037158 
   233.143      0.000   0.350946       5350  -0.032790   0.108800 
   291.429      0.000   0.308546       5463  -0.002988   0.114212 
   349.714      0.000   0.319749       4232   0.016172   0.109668 
   408.000      0.000   0.000000          0   0.000000   0.000000 
  -408.000     58.286   0.000000          0   0.000000   0.000000 
  -349.714     58.286   0.249862       2552   0.043015  -0.277560 
  -291.429     58.286   0.236349       3471   0.000377  -0.135912 
  -233.143     58.286   0.336663       4066   0.016713  -0.006356 
  -174.857     58.286   0.399491       4515   0.002142  -0.042076 
  -116.571     58.286   0.446411       4021  -0.023802  -0.002852 
   -58.286     58.286   0.411246       5003  -0.043821   0.030297 
     0.000     58.286   0.429583       5798  -0.038487  -0.035609 
    58.286     58.286   0.482219       3930  -0.020837  -0.008856 
   116.571     58.286   0.381880       5728  -0.057094   0.010393 
   174.857     58.286   0.351662       5456  -0.040540   0.015028 
   233.143     58.286   0.359019       6036  -0.050516   0.062613 
   291.429     58.286   0.323280       4224   0.000253   0.065896 
   349.714     58.286   0.292607       4279   0.031638   0.151809 
   408.000     58.286   0.000000          0   0.000000   0.000000 
  -408.000    116.571   0.000000          0   0.000000   0.000000 
  -349.714    116.571   0.247084       2654  -0.101819  -0.207308 
  -291.429    116.571   0.295060       3939  -0.073298  -0.103712 
  -233.143    116.571   0.419552       4131  -0.085342  -0.057289 
  -174.857    116.571   0.368952       3628  -0.023830  -0.026646 
  -116.571    116.571   0.369365       6611   0.020168  -0.011080 
   -58.286    116.571   0.363881       3828  -0.001309   0.038170 
     0.000    116.571   0.381761       5718  -0.031228   0.011371 
    58.286    116.571   0.396499       5665  -0.053428  -0.021900 
   116.571    116.571   0.381779       5932  -0.041043   0.014752 
   174.857    116.571   0.397177       3845  -0.063320   0.001945 
   233.143    116.571   0.345654       4998  -0.027150   0.042642 
   291.429    116.571   0.334654       4301  -0.014592   0.054428 
   349.714    116.571   0.273559       3455  -0.095971   0.173431 
   408.000    116.571   0.000000          0   0.000000   0.000000 
  -408.000    174.857   0.000000          0   0.000000   0.000000 
  -349.714    174.857   0.298207        448  -0.120579  -0.258799 
  -291.429    174.857   0.346275       4556  -0.083579  -0.162856 
  -233.143    174.857   0.319691       4100  -0.047242  -0.071799 
  -174.857    174.857   0.321302       5350  -0.030951  -0.056372 
  -116.571    174.857   0.412690       5056  -0.012709   0.035165 
   -58.286    174.857   0.408166       4212  -0.049610   0.039363 
     0.000    174.857   0.379262       6208  -0.026072   0.039902 
    58.286    174.857   0.414924       4318  -0.079597  -0.020519 
   116.571    174.857   0.417034       4597  -0.034135   0.015980 
   174.857    174.857   0.368562       6026  -0.041570   0.019883 
   233.143    174.857   0.346377       4079  -0.132298   0.023399 
   291.429    174.857   0.308937       5296  -0.107207   0.085606 
   349.714    174.857   0.440587        744  -0.011178   0.148822 
   408.000    174.857   0.000000          0   0.000000   0.000000 
  -408.000    233.143   0.000000          0   0.000000   0.000000 
  -349.714    233.143   0.000000          0   0.000000   0.000000 
  -291.429    233.143   0.318933       1814  -0.139600  -0.166877 
  -233.143    233.143   0.259034       5210  -0.099752  -0.089510 
  -174.857    233.143   0.304102       4742  -0.107797  -0.061164 
  -116.571    233.143   0.423202       3793  -0.132246   0.048669 
   -58.286    233.143   0.372402       5308  -0.038081  -0.009231 
     0.000    233.143   0.421041       4819  -0.032400   0.033052 
    58.286    233.143   0.460453       4429  -0.012512   0.010700 
   116.571    233.143   0.388923       6136  -0.046791  -0.013379 
   174.857    233.143   0.362319       5071  -0.039770   0.048227 
   233.143    233.143   0.249913       5509  -0.011566   0.049377 
   291.429    233.143   0.269725       3590  -0.029072   0.062713 
   349.714    233.143   0.000000          0   0.000000   0.000000 
   408.000    233.143   0.000000          0   0.000000   0.000000 
  -408.000    291.429   0.000000          0   0.000000   0.000000 
  -349.714    291.429   0.000000          0   0.000000   0.000000 
  -291.429    291.429   0.000000          0   0.000000   0.000000 
  -233.143    291.429   0.289342       1550  -0.173643  -0.175988 
  -174.857    291.429   0.299853       3205  -0.149740  -0.110302 
  -116.571    291.429   0.429712       2746  -0.173756   0.026655 
   -58.286    291.429   0.334969       4455  -0.081353   0.019028 
     0.000    291.429   0.427214       4655  -0.084744  -0.007733 
    58.286    291.429   0.370468       5061  -0.047693  -0.007766 
   116.571    291.429   0.390617       4176  -0.057118   0.029619 
   174.857    291.429   0.436427       4311  -0.108247   0.063076 
   233.143    291.429   0.259898       3586  -0.077179   0.056451 
   291.429    291.429   0.142146         33  -0.370516   0.109834 
   349.714    291.429   0.000000          0   0.000000   0.000000 
   408.000    291.429   0.000000          0   0.000000   0.000000 
  -408.000    349.714   0.000000          0   0.000000   0.000000 
  -349.714    349.714   0.000000          0   0.000000   0.000000 
  -291.429    349.714   0.000000          0   0.000000   0.000000 
  -233.143    349.714   0.000000          0   0.000000   0.000000 
  -174.857    349.714   0.302301        510  -0.326167  -0.095901 
  -116.571    349.714   0.240872       1306  -0.293762  -0.154585 
   -58.286    349.714   0.343140       2635  -0.173951   0.042053 
     0.000    349.714   0.301319       4373  -0.064449   0.028346 
    58.286    349.714   0.311292       5768  -0.064458  -0.046909 
   116.571    349.714   0.361759       3487  -0.105935   0.058436 
   174.857    349.714   0.449505        790  -0.122502   0.045568 
   233.143    349.714   0.000000          0   0.000000   0.000000 
   291.429    349.714   0.000000          0   0.000000   0.000000 
   349.714    349.714   0.000000          0   0.000000   0.000000 
   408.000    349.714   0.000000          0   0.000000   0.000000 
  -408.000    408.000   0.000000          0   0.000000   0.000000 
  -349.714    408.000   0.000000          0   0.000000   0.000000 
  -291.429    408.000   0.000000          0   0.000000   0.000000 
  -233.143    408.000   0.000000          0   0.000000   0.000000 
  -174.857    408.000   0.000000          0   0.000000   0.000000 
  -116.571    408.000   0.000000          0   0.000000   0.000000 
   -58.286    408.000   0.000000          0   0.000000   0.000000 
     0.000    408.000   0.000000          0   0.000000   0.000000 
    58.286    408.000   0.000000          0   0.000000   0.000000 
   116.571    408.000   0.000000          0   0.000000   0.000000 
   174.857    408.000   0.000000          0   0.000000   0.000000 
   233.143    408.000   0.000000          0   0.000000   0.000000 
   291.429    408.000   0.000000          0   0.000000   0.000000 
   349.714    408.000   0.000000          0   0.000000   0.000000 
   408.000    408.000   0.000000          0   0.000000   0.000000 
