    X          Y          T         n          ux         uy    
  -408.000   -408.000   0.000000          0   0.000000   0.000000 
  -349.714   -408.000   0.000000          0   0.000000   0.000000 
  -291.429   -408.000   0.000000          0   0.000000   0.000000 
  -233.143   -408.000   0.000000          0   0.000000   0.000000 
  -174.857   -408.000   0.000000          0   0.000000   0.000000 
  -116.571   -408.000   0.000000          0   0.000000   0.000000 
   -58.286   -408.000   0.000000          0   0.000000   0.000000 
     0.000   -408.000   0.000000          0   0.000000   0.000000 
    58.286   -408.000   0.000000          0   0.000000   0.000000 
   116.571   -408.000   0.000000          0   0.000000   0.000000 
   174.857   -408.000   0.000000          0   0.000000   0.000000 
   233.143   -408.000   0.000000          0   0.000000   0.000000 
   291.429   -408.000   0.000000          0   0.000000   0.000000 
   349.714   -408.000   0.000000          0   0.000000   0.000000 
   408.000   -408.000   0.000000          0   0.000000   0.000000 
  -408.000   -349.714   0.000000          0   0.000000   0.000000 
  -349.714   -349.714   0.000000          0   0.000000   0.000000 
  -291.429   -349.714   0.000000          0   0.000000   0.000000 
  -233.143   -349.714   0.000000          0   0.000000   0.000000 
  -174.857   -349.714   0.190575       1368   0.052891  -0.044340 
  -116.571   -349.714   0.220194       4190   0.132398  -0.040967 
   -58.286   -349.714   0.226796       8368   0.111662  -0.041546 
     0.000   -349.714   0.211292       8252   0.140002  -0.024802 
    58.286   -349.714   0.230035       8759   0.137418  -0.001575 
   116.571   -349.714   0.198311      10301   0.121390   0.038564 
   174.857   -349.714   0.188281       7625   0.129042   0.052987 
   233.143   -349.714   0.089992        127   0.239018   0.164918 
   291.429   -349.714   0.000000          0   0.000000   0.000000 
   349.714   -349.714   0.000000          0   0.000000   0.000000 
   408.000   -349.714   0.000000          0   0.000000   0.000000 
  -408.000   -291.429   0.000000          0   0.000000   0.000000 
  -349.714   -291.429   0.000000          0   0.000000   0.000000 
  -291.429   -291.429   0.000000          0   0.000000   0.000000 
  -233.143   -291.429   0.171831       6091   0.082138  -0.070178 
  -174.857   -291.429   0.205076      10649   0.082334  -0.022955 
  -116.571   -291.429   0.213674       6739   0.081375  -0.043203 
   -58.286   -291.429   0.233535       6136   0.060178  -0.042618 
     0.000   -291.429   0.239480       6749   0.051874  -0.016709 
    58.286   -291.429   0.238559       7939   0.047594  -0.023111 
   116.571   -291.429   0.193222       5313   0.098693   0.009793 
   174.857   -291.429   0.189940       7515   0.100598   0.020355 
   233.143   -291.429   0.175671      14578   0.111758   0.069553 
   291.429   -291.429   0.179642       2731   0.083769   0.121601 
   349.714   -291.429   0.000000          0   0.000000   0.000000 
   408.000   -291.429   0.000000          0   0.000000   0.000000 
  -408.000   -233.143   0.000000          0   0.000000   0.000000 
  -349.714   -233.143   0.000000          0   0.000000   0.000000 
  -291.429   -233.143   0.164917       6331   0.062096  -0.074571 
  -233.143   -233.143   0.166913       8754   0.054101  -0.053402 
  -174.857   -233.143   0.196943       5168   0.052550  -0.047433 
  -116.571   -233.143   0.240286       7479   0.083560  -0.033890 
   -58.286   -233.143   0.235960       9388   0.042749  -0.013146 
     0.000   -233.143   0.243216       7187   0.045331  -0.030300 
    58.286   -233.143   0.218079       7107   0.072007  -0.014382 
   116.571   -233.143   0.206331       9716   0.038732  -0.001099 
   174.857   -233.143   0.204084      12012   0.037883   0.004608 
   233.143   -233.143   0.215278       3237   0.083886   0.068747 
   291.429   -233.143   0.182930      15399   0.095931   0.100384 
   349.714   -233.143   0.201768        959   0.095624   0.137538 
   408.000   -233.143   0.000000          0   0.000000   0.000000 
  -408.000   -174.857   0.000000          0   0.000000   0.000000 
  -349.714   -174.857   0.219521        772   0.084730  -0.083983 
  -291.429   -174.857   0.185922       9691   0.038210  -0.085745 
  -233.143   -174.857   0.206518       6275   0.040750  -0.072900 
  -174.857   -174.857   0.195831      10487   0.039438  -0.019208 
  -116.571   -174.857   0.209816       7374   0.010417  -0.031965 
   -58.286   -174.857   0.226083       6615   0.031535  -0.013036 
     0.000   -174.857   0.204782       9308   0.029491  -0.032878 
    58.286   -174.857   0.216250       9784   0.019001  -0.005792 
   116.571   -174.857   0.207865       8510   0.032043   0.000323 
   174.857   -174.857   0.197125       6916   0.018075  -0.007389 
   233.143   -174.857   0.192387      13136   0.024686   0.029895 
   291.429   -174.857   0.204830       4966   0.019352   0.071376 
   349.714   -174.857   0.160068      12243   0.063752   0.124276 
   408.000   -174.857   0.000000          0   0.000000   0.000000 
  -408.000   -116.571   0.000000          0   0.000000   0.000000 
  -349.714   -116.571   0.174826       6786   0.046610  -0.097044 
  -291.429   -116.571   0.165024       7629   0.020298  -0.026192 
  -233.143   -116.571   0.179042      10284   0.002751  -0.054791 
  -174.857   -116.571   0.185253       6737  -0.025311  -0.045490 
  -116.571   -116.571   0.193212      11643  -0.006112  -0.015064 
   -58.286   -116.571   0.201688       7778   0.005927  -0.008486 
     0.000   -116.571   0.219414      10952   0.009989  -0.020944 
    58.286   -116.571   0.182604       7777   0.000072  -0.021387 
   116.571   -116.571   0.187458       8287   0.006798  -0.004160 
   174.857   -116.571   0.191447      12398   0.022328   0.006894 
   233.143   -116.571   0.200517       5515   0.009509   0.025476 
   291.429   -116.571   0.202032       8875   0.011676   0.056329 
   349.714   -116.571   0.186798      13900   0.034487   0.123149 
   408.000   -116.571   0.000000          0   0.000000   0.000000 
  -408.000    -58.286   0.000000          0   0.000000   0.000000 
  -349.714    -58.286   0.171169       9152   0.005708  -0.088062 
  -291.429    -58.286   0.184151       5320   0.006462  -0.044844 
  -233.143    -58.286   0.189758       8525   0.004794  -0.034062 
  -174.857    -58.286   0.177330       9500   0.000631  -0.032595 
  -116.571    -58.286   0.178309       7507  -0.016050  -0.021186 
   -58.286    -58.286   0.189939       9615  -0.008799  -0.025235 
     0.000    -58.286   0.185292       8545  -0.022989  -0.020512 
    58.286    -58.286   0.184521       9737  -0.013384  -0.016111 
   116.571    -58.286   0.192031       9449  -0.008586  -0.015179 
   174.857    -58.286   0.201936      11613  -0.016363   0.007532 
   233.143    -58.286   0.204316       7416   0.007314   0.040165 
   291.429    -58.286   0.193749      11743  -0.000839   0.033459 
   349.714    -58.286   0.157313      11278   0.001138   0.122833 
   408.000    -58.286   0.168833       2028   0.009813   0.184377 
  -408.000      0.000   0.000000          0   0.000000   0.000000 
  -349.714      0.000   0.142873      10319   0.017264  -0.083954 
  -291.429      0.000   0.165195       9821   0.009679  -0.044512 
  -233.143      0.000   0.167544       8258  -0.006507  -0.008580 
  -174.857      0.000   0.193298      11785   0.002855  -0.014055 
  -116.571      0.000   0.175605       8334   0.003524  -0.022991 
   -58.286      0.000   0.177383       9399  -0.026663  -0.005436 
     0.000      0.000   0.175044      11984  -0.015397  -0.003666 
    58.286      0.000   0.166531       9541  -0.027514  -0.025731 
   116.571      0.000   0.183099       9358  -0.022283  -0.023094 
   174.857      0.000   0.204925       9180  -0.006213  -0.015090 
   233.143      0.000   0.203925       9300  -0.002295   0.027501 
   291.429      0.000   0.193066       7637   0.008434   0.048185 
   349.714      0.000   0.181548       9352   0.010153   0.126879 
   408.000      0.000   0.154722       4441  -0.000438   0.139907 
  -408.000     58.286   0.000000          0   0.000000   0.000000 
  -349.714     58.286   0.120152      12887  -0.006779  -0.070450 
  -291.429     58.286   0.145681       8881   0.003616  -0.044899 
  -233.143     58.286   0.178626       8419   0.009423  -0.002893 
  -174.857     58.286   0.158267      12368  -0.000841  -0.015824 
  -116.571     58.286   0.130813       9780  -0.007213  -0.008620 
   -58.286     58.286   0.161948       7520   0.005036  -0.010943 
     0.000     58.286   0.137528      10741  -0.014331   0.002628 
    58.286     58.286   0.162833      11019  -0.007009  -0.027765 
   116.571     58.286   0.179210      10330  -0.023284  -0.018876 
   174.857     58.286   0.196986      11107  -0.018940  -0.004606 
   233.143     58.286   0.229219       6103  -0.031828   0.018896 
   291.429     58.286   0.200200      10360  -0.006875   0.041604 
   349.714     58.286   0.194426      10754  -0.027544   0.120200 
   408.000     58.286   0.153370       2724  -0.026496   0.158108 
  -408.000    116.571   0.000000          0   0.000000   0.000000 
  -349.714    116.571   0.120574      11915  -0.025075  -0.078674 
  -291.429    116.571   0.122764       4569  -0.006042  -0.033051 
  -233.143    116.571   0.162512      11506  -0.000461  -0.026736 
  -174.857    116.571   0.132277      10724  -0.003986  -0.008624 
  -116.571    116.571   0.139176      10663  -0.006027   0.004632 
   -58.286    116.571   0.151585       9805  -0.024569  -0.007858 
     0.000    116.571   0.158967      10396  -0.018349  -0.005669 
    58.286    116.571   0.153767      10111  -0.017505  -0.019914 
   116.571    116.571   0.185364       7468  -0.019027  -0.030103 
   174.857    116.571   0.178027      11123  -0.023286   0.000972 
   233.143    116.571   0.203199      10736  -0.026162   0.003992 
   291.429    116.571   0.186859       8510  -0.039572   0.044545 
   349.714    116.571   0.178957      11197  -0.030816   0.145178 
   408.000    116.571   0.000000          0   0.000000   0.000000 
  -408.000    174.857   0.000000          0   0.000000   0.000000 
  -349.714    174.857   0.107854       6814  -0.024902  -0.055395 
  -291.429    174.857   0.133750       9773  -0.045660  -0.066760 
  -233.143    174.857   0.150177      12028  -0.021648  -0.027500 
  -174.857    174.857   0.151868       8068  -0.023774  -0.019736 
  -116.571    174.857   0.147751      11141   0.003476   0.007515 
   -58.286    174.857   0.154101      13829   0.017055  -0.003792 
     0.000    174.857   0.154947       9529   0.022505  -0.004189 
    58.286    174.857   0.153959      11628  -0.000587  -0.015001 
   116.571    174.857   0.156980      12927  -0.013587  -0.007154 
   174.857    174.857   0.187430       5101  -0.046949   0.011729 
   233.143    174.857   0.194873      11515  -0.027820   0.018600 
   291.429    174.857   0.187530       5949  -0.058610   0.061332 
   349.714    174.857   0.174404      10679  -0.068495   0.113561 
   408.000    174.857   0.000000          0   0.000000   0.000000 
  -408.000    233.143   0.000000          0   0.000000   0.000000 
  -349.714    233.143   0.000000          0   0.000000   0.000000 
  -291.429    233.143   0.128797      16154  -0.033678  -0.050427 
  -233.143    233.143   0.139612       5278  -0.044575  -0.029268 
  -174.857    233.143   0.155884      12427  -0.010193  -0.028308 
  -116.571    233.143   0.178972      10340  -0.020564  -0.011391 
   -58.286    233.143   0.189259       5363  -0.030757  -0.021691 
     0.000    233.143   0.173140       6566  -0.001308  -0.020243 
    58.286    233.143   0.146445       6858   0.010531   0.012481 
   116.571    233.143   0.162886       9371  -0.009423  -0.009119 
   174.857    233.143   0.176417      14714  -0.018011   0.013238 
   233.143    233.143   0.192179       4412  -0.037528   0.056670 
   291.429    233.143   0.163725      14834  -0.067360   0.077266 
   349.714    233.143   0.149661        374  -0.164168   0.221139 
   408.000    233.143   0.000000          0   0.000000   0.000000 
  -408.000    291.429   0.000000          0   0.000000   0.000000 
  -349.714    291.429   0.000000          0   0.000000   0.000000 
  -291.429    291.429   0.000000          0   0.000000   0.000000 
  -233.143    291.429   0.125287      11747  -0.068255  -0.054619 
  -174.857    291.429   0.140590      11234  -0.040196  -0.036251 
  -116.571    291.429   0.160053       7098  -0.043084  -0.025141 
   -58.286    291.429   0.156762      11087  -0.034297  -0.006526 
     0.000    291.429   0.168245      11640  -0.044009  -0.005768 
    58.286    291.429   0.160916      10913  -0.042553  -0.003128 
   116.571    291.429   0.171179       6871  -0.038323   0.011171 
   174.857    291.429   0.159943       5753  -0.068193   0.032369 
   233.143    291.429   0.175040      15271  -0.086971   0.057461 
   291.429    291.429   0.153303       3915  -0.072353   0.070052 
   349.714    291.429   0.000000          0   0.000000   0.000000 
   408.000    291.429   0.000000          0   0.000000   0.000000 
  -408.000    349.714   0.000000          0   0.000000   0.000000 
  -349.714    349.714   0.000000          0   0.000000   0.000000 
  -291.429    349.714   0.000000          0   0.000000   0.000000 
  -233.143    349.714   0.000000          0   0.000000   0.000000 
  -174.857    349.714   0.135846       6283  -0.100717  -0.055104 
  -116.571    349.714   0.154609      12983  -0.075028  -0.028383 
   -58.286    349.714   0.153861      14413  -0.077633  -0.007469 
     0.000    349.714   0.162506      13140  -0.085169  -0.009903 
    58.286    349.714   0.193096      13670  -0.091363   0.003963 
   116.571    349.714   0.176783      13962  -0.091972   0.029200 
   174.857    349.714   0.174809      10192  -0.100174   0.045906 
   233.143    349.714   0.175179        339  -0.118875   0.051557 
   291.429    349.714   0.000000          0   0.000000   0.000000 
   349.714    349.714   0.000000          0   0.000000   0.000000 
   408.000    349.714   0.000000          0   0.000000   0.000000 
  -408.000    408.000   0.000000          0   0.000000   0.000000 
  -349.714    408.000   0.000000          0   0.000000   0.000000 
  -291.429    408.000   0.000000          0   0.000000   0.000000 
  -233.143    408.000   0.000000          0   0.000000   0.000000 
  -174.857    408.000   0.000000          0   0.000000   0.000000 
  -116.571    408.000   0.000000          0   0.000000   0.000000 
   -58.286    408.000   0.000000          0   0.000000   0.000000 
     0.000    408.000   0.000000          0   0.000000   0.000000 
    58.286    408.000   0.000000          0   0.000000   0.000000 
   116.571    408.000   0.000000          0   0.000000   0.000000 
   174.857    408.000   0.000000          0   0.000000   0.000000 
   233.143    408.000   0.000000          0   0.000000   0.000000 
   291.429    408.000   0.000000          0   0.000000   0.000000 
   349.714    408.000   0.000000          0   0.000000   0.000000 
   408.000    408.000   0.000000          0   0.000000   0.000000 
