    X          Y          T         n          ux         uy    
  -408.000   -408.000   0.000000          0   0.000000   0.000000 
  -349.714   -408.000   0.000000          0   0.000000   0.000000 
  -291.429   -408.000   0.000000          0   0.000000   0.000000 
  -233.143   -408.000   0.000000          0   0.000000   0.000000 
  -174.857   -408.000   0.000000          0   0.000000   0.000000 
  -116.571   -408.000   0.000000          0   0.000000   0.000000 
   -58.286   -408.000   0.000000          0   0.000000   0.000000 
     0.000   -408.000   0.000000          0   0.000000   0.000000 
    58.286   -408.000   0.000000          0   0.000000   0.000000 
   116.571   -408.000   0.000000          0   0.000000   0.000000 
   174.857   -408.000   0.000000          0   0.000000   0.000000 
   233.143   -408.000   0.000000          0   0.000000   0.000000 
   291.429   -408.000   0.000000          0   0.000000   0.000000 
   349.714   -408.000   0.000000          0   0.000000   0.000000 
   408.000   -408.000   0.000000          0   0.000000   0.000000 
  -408.000   -349.714   0.000000          0   0.000000   0.000000 
  -349.714   -349.714   0.000000          0   0.000000   0.000000 
  -291.429   -349.714   0.000000          0   0.000000   0.000000 
  -233.143   -349.714   0.000000          0   0.000000   0.000000 
  -174.857   -349.714   0.000000          0   0.000000   0.000000 
  -116.571   -349.714   0.000000          0   0.000000   0.000000 
   -58.286   -349.714   0.000000          0   0.000000   0.000000 
     0.000   -349.714   0.000000          0   0.000000   0.000000 
    58.286   -349.714   0.000000          0   0.000000   0.000000 
   116.571   -349.714   0.000000          0   0.000000   0.000000 
   174.857   -349.714   0.148731        298   0.109712   0.005338 
   233.143   -349.714   0.000000          0   0.000000   0.000000 
   291.429   -349.714   0.000000          0   0.000000   0.000000 
   349.714   -349.714   0.000000          0   0.000000   0.000000 
   408.000   -349.714   0.000000          0   0.000000   0.000000 
  -408.000   -291.429   0.000000          0   0.000000   0.000000 
  -349.714   -291.429   0.000000          0   0.000000   0.000000 
  -291.429   -291.429   0.000000          0   0.000000   0.000000 
  -233.143   -291.429   0.000000          0   0.000000   0.000000 
  -174.857   -291.429   0.000000          0   0.000000   0.000000 
  -116.571   -291.429   0.000000          0   0.000000   0.000000 
   -58.286   -291.429   0.000000          0   0.000000   0.000000 
     0.000   -291.429   0.000000          0   0.000000   0.000000 
    58.286   -291.429   0.062154        658   0.128573  -0.084845 
   116.571   -291.429   0.089296        764   0.171251   0.003757 
   174.857   -291.429   0.196143        656   0.032494   0.089299 
   233.143   -291.429   0.000000          0   0.000000   0.000000 
   291.429   -291.429   0.000000          0   0.000000   0.000000 
   349.714   -291.429   0.000000          0   0.000000   0.000000 
   408.000   -291.429   0.000000          0   0.000000   0.000000 
  -408.000   -233.143   0.000000          0   0.000000   0.000000 
  -349.714   -233.143   0.000000          0   0.000000   0.000000 
  -291.429   -233.143   0.000000          0   0.000000   0.000000 
  -233.143   -233.143   0.000000          0   0.000000   0.000000 
  -174.857   -233.143   0.000000          0   0.000000   0.000000 
  -116.571   -233.143   0.000000          0   0.000000   0.000000 
   -58.286   -233.143   0.020746         97  -0.062292   0.063527 
     0.000   -233.143   0.071837        835  -0.028944  -0.043312 
    58.286   -233.143   0.070629       2550  -0.008799  -0.018097 
   116.571   -233.143   0.079620       4677  -0.028131   0.009274 
   174.857   -233.143   0.061023       5568  -0.012443   0.009146 
   233.143   -233.143   0.085110       1871   0.004874   0.016803 
   291.429   -233.143   0.072193       2239   0.010746   0.003953 
   349.714   -233.143   0.000000          0   0.000000   0.000000 
   408.000   -233.143   0.000000          0   0.000000   0.000000 
  -408.000   -174.857   0.000000          0   0.000000   0.000000 
  -349.714   -174.857   0.000000          0   0.000000   0.000000 
  -291.429   -174.857   0.000000          0   0.000000   0.000000 
  -233.143   -174.857   0.000000          0   0.000000   0.000000 
  -174.857   -174.857   0.000000          0   0.000000   0.000000 
  -116.571   -174.857   0.056482        539   0.000381   0.062191 
   -58.286   -174.857   0.063026       2150  -0.012353   0.011739 
     0.000   -174.857   0.089208       3044  -0.041300   0.040507 
    58.286   -174.857   0.070893       5632  -0.060906  -0.024245 
   116.571   -174.857   0.081116       5666  -0.044648   0.020378 
   174.857   -174.857   0.079475       5243  -0.035162  -0.017819 
   233.143   -174.857   0.083760       2808   0.003345  -0.033492 
   291.429   -174.857   0.129013        768  -0.042396   0.024735 
   349.714   -174.857   0.000000          0   0.000000   0.000000 
   408.000   -174.857   0.000000          0   0.000000   0.000000 
  -408.000   -116.571   0.000000          0   0.000000   0.000000 
  -349.714   -116.571   0.000000          0   0.000000   0.000000 
  -291.429   -116.571   0.000000          0   0.000000   0.000000 
  -233.143   -116.571   0.000000          0   0.000000   0.000000 
  -174.857   -116.571   0.096191        517   0.018615  -0.048306 
  -116.571   -116.571   0.072956        175   0.134685   0.144438 
   -58.286   -116.571   0.095337       1020  -0.012076   0.083849 
     0.000   -116.571   0.092923       4094  -0.025078   0.033779 
    58.286   -116.571   0.088885       3920  -0.020146   0.021310 
   116.571   -116.571   0.107594       2872  -0.062564   0.020076 
   174.857   -116.571   0.093263       5892  -0.023612  -0.056128 
   233.143   -116.571   0.077918       4547  -0.025207  -0.011473 
   291.429   -116.571   0.064082       1704  -0.009081  -0.023053 
   349.714   -116.571   0.000000          0   0.000000   0.000000 
   408.000   -116.571   0.000000          0   0.000000   0.000000 
  -408.000    -58.286   0.000000          0   0.000000   0.000000 
  -349.714    -58.286   0.000000          0   0.000000   0.000000 
  -291.429    -58.286   0.000000          0   0.000000   0.000000 
  -233.143    -58.286   0.041047        187   0.137172  -0.052571 
  -174.857    -58.286   0.066806        674   0.048685   0.014953 
  -116.571    -58.286   0.113060       1188  -0.028986   0.043876 
   -58.286    -58.286   0.086846       4953  -0.036921   0.046200 
     0.000    -58.286   0.121081       4187  -0.061717   0.024368 
    58.286    -58.286   0.103906       4762  -0.039824  -0.004170 
   116.571    -58.286   0.106945       5604   0.002900   0.004544 
   174.857    -58.286   0.096595       4782   0.013683  -0.053285 
   233.143    -58.286   0.076154       2171   0.015175  -0.077699 
   291.429    -58.286   0.104898        620   0.080217  -0.009794 
   349.714    -58.286   0.000000          0   0.000000   0.000000 
   408.000    -58.286   0.000000          0   0.000000   0.000000 
  -408.000      0.000   0.000000          0   0.000000   0.000000 
  -349.714      0.000   0.000000          0   0.000000   0.000000 
  -291.429      0.000   0.000000          0   0.000000   0.000000 
  -233.143      0.000   0.062506        437   0.033828  -0.109201 
  -174.857      0.000   0.067719       1002   0.009654   0.007071 
  -116.571      0.000   0.088298       4332  -0.007831   0.041691 
   -58.286      0.000   0.107893       5486  -0.038773   0.079524 
     0.000      0.000   0.097489       5447  -0.025011  -0.014330 
    58.286      0.000   0.100622       8326   0.004104  -0.019650 
   116.571      0.000   0.104031       4741   0.003533  -0.002428 
   174.857      0.000   0.099695       4092  -0.018626  -0.054008 
   233.143      0.000   0.082366       2827   0.015601  -0.072430 
   291.429      0.000   0.038054        195  -0.100696   0.278717 
   349.714      0.000   0.000000          0   0.000000   0.000000 
   408.000      0.000   0.000000          0   0.000000   0.000000 
  -408.000     58.286   0.000000          0   0.000000   0.000000 
  -349.714     58.286   0.000000          0   0.000000   0.000000 
  -291.429     58.286   0.000000          0   0.000000   0.000000 
  -233.143     58.286   0.046020        356  -0.110894  -0.109660 
  -174.857     58.286   0.123401        645  -0.127366   0.049163 
  -116.571     58.286   0.123129       2363  -0.085193   0.100739 
   -58.286     58.286   0.112178       4261  -0.001385   0.084551 
     0.000     58.286   0.140258       4107   0.002820   0.000204 
    58.286     58.286   0.138059       4196  -0.040882   0.005716 
   116.571     58.286   0.097911       5393  -0.055868  -0.026061 
   174.857     58.286   0.100973       5073  -0.000612  -0.080049 
   233.143     58.286   0.091727       2504  -0.061013  -0.023240 
   291.429     58.286   0.045599        332  -0.156096  -0.061522 
   349.714     58.286   0.000000          0   0.000000   0.000000 
   408.000     58.286   0.000000          0   0.000000   0.000000 
  -408.000    116.571   0.000000          0   0.000000   0.000000 
  -349.714    116.571   0.000000          0   0.000000   0.000000 
  -291.429    116.571   0.000000          0   0.000000   0.000000 
  -233.143    116.571   0.000000          0   0.000000   0.000000 
  -174.857    116.571   0.056344        920   0.020159   0.098973 
  -116.571    116.571   0.083844       5336   0.019413   0.053607 
   -58.286    116.571   0.125946       2975   0.037318   0.039836 
     0.000    116.571   0.117858       5390   0.025231   0.039093 
    58.286    116.571   0.115594       6352   0.028968  -0.010024 
   116.571    116.571   0.122802       4794   0.038377  -0.049755 
   174.857    116.571   0.093665       4036   0.032865  -0.055169 
   233.143    116.571   0.136948       2406   0.037661  -0.049155 
   291.429    116.571   0.058160        913   0.040648  -0.069300 
   349.714    116.571   0.000000          0   0.000000   0.000000 
   408.000    116.571   0.000000          0   0.000000   0.000000 
  -408.000    174.857   0.000000          0   0.000000   0.000000 
  -349.714    174.857   0.000000          0   0.000000   0.000000 
  -291.429    174.857   0.000000          0   0.000000   0.000000 
  -233.143    174.857   0.000000          0   0.000000   0.000000 
  -174.857    174.857   0.071804        889   0.018799   0.010241 
  -116.571    174.857   0.095903       3814   0.024130   0.059342 
   -58.286    174.857   0.088702       4362   0.070820   0.027949 
     0.000    174.857   0.107670       4993   0.036513   0.022399 
    58.286    174.857   0.112044       4006   0.048177  -0.030489 
   116.571    174.857   0.111340       6444   0.050631  -0.030560 
   174.857    174.857   0.103782       4018   0.037582  -0.031622 
   233.143    174.857   0.087838       1539   0.025911  -0.016918 
   291.429    174.857   0.068297         59   0.045731  -0.112692 
   349.714    174.857   0.000000          0   0.000000   0.000000 
   408.000    174.857   0.000000          0   0.000000   0.000000 
  -408.000    233.143   0.000000          0   0.000000   0.000000 
  -349.714    233.143   0.000000          0   0.000000   0.000000 
  -291.429    233.143   0.000000          0   0.000000   0.000000 
  -233.143    233.143   0.000000          0   0.000000   0.000000 
  -174.857    233.143   0.055904         99  -0.019471  -0.005335 
  -116.571    233.143   0.066089        918   0.075025   0.006577 
   -58.286    233.143   0.089668       1113   0.052137   0.084553 
     0.000    233.143   0.098691       3717   0.082987   0.012881 
    58.286    233.143   0.109726       3695   0.067553  -0.012781 
   116.571    233.143   0.148261       2395   0.079625  -0.036528 
   174.857    233.143   0.078327       4002   0.011615  -0.006386 
   233.143    233.143   0.000000          0   0.000000   0.000000 
   291.429    233.143   0.000000          0   0.000000   0.000000 
   349.714    233.143   0.000000          0   0.000000   0.000000 
   408.000    233.143   0.000000          0   0.000000   0.000000 
  -408.000    291.429   0.000000          0   0.000000   0.000000 
  -349.714    291.429   0.000000          0   0.000000   0.000000 
  -291.429    291.429   0.000000          0   0.000000   0.000000 
  -233.143    291.429   0.000000          0   0.000000   0.000000 
  -174.857    291.429   0.000000          0   0.000000   0.000000 
  -116.571    291.429   0.000000          0   0.000000   0.000000 
   -58.286    291.429   0.058416        438   0.018471   0.029455 
     0.000    291.429   0.092108        546   0.094660   0.003796 
    58.286    291.429   0.168240        733   0.127629  -0.014543 
   116.571    291.429   0.193247        808   0.004771   0.022737 
   174.857    291.429   0.086188        919  -0.024462  -0.042397 
   233.143    291.429   0.046131        408  -0.000931   0.029784 
   291.429    291.429   0.000000          0   0.000000   0.000000 
   349.714    291.429   0.000000          0   0.000000   0.000000 
   408.000    291.429   0.000000          0   0.000000   0.000000 
  -408.000    349.714   0.000000          0   0.000000   0.000000 
  -349.714    349.714   0.000000          0   0.000000   0.000000 
  -291.429    349.714   0.000000          0   0.000000   0.000000 
  -233.143    349.714   0.000000          0   0.000000   0.000000 
  -174.857    349.714   0.000000          0   0.000000   0.000000 
  -116.571    349.714   0.000000          0   0.000000   0.000000 
   -58.286    349.714   0.000000          0   0.000000   0.000000 
     0.000    349.714   0.000000          0   0.000000   0.000000 
    58.286    349.714   0.055519         60   0.174009   0.374566 
   116.571    349.714   0.126539        510  -0.061323  -0.040956 
   174.857    349.714   0.133187        136  -0.029826  -0.019844 
   233.143    349.714   0.000000          0   0.000000   0.000000 
   291.429    349.714   0.000000          0   0.000000   0.000000 
   349.714    349.714   0.000000          0   0.000000   0.000000 
   408.000    349.714   0.000000          0   0.000000   0.000000 
  -408.000    408.000   0.000000          0   0.000000   0.000000 
  -349.714    408.000   0.000000          0   0.000000   0.000000 
  -291.429    408.000   0.000000          0   0.000000   0.000000 
  -233.143    408.000   0.000000          0   0.000000   0.000000 
  -174.857    408.000   0.000000          0   0.000000   0.000000 
  -116.571    408.000   0.000000          0   0.000000   0.000000 
   -58.286    408.000   0.000000          0   0.000000   0.000000 
     0.000    408.000   0.000000          0   0.000000   0.000000 
    58.286    408.000   0.000000          0   0.000000   0.000000 
   116.571    408.000   0.000000          0   0.000000   0.000000 
   174.857    408.000   0.000000          0   0.000000   0.000000 
   233.143    408.000   0.000000          0   0.000000   0.000000 
   291.429    408.000   0.000000          0   0.000000   0.000000 
   349.714    408.000   0.000000          0   0.000000   0.000000 
   408.000    408.000   0.000000          0   0.000000   0.000000 
