    X          Y          T         n          ux         uy    
  -408.000   -408.000   0.000000          0   0.000000   0.000000 
  -349.714   -408.000   0.000000          0   0.000000   0.000000 
  -291.429   -408.000   0.000000          0   0.000000   0.000000 
  -233.143   -408.000   0.000000          0   0.000000   0.000000 
  -174.857   -408.000   0.000000          0   0.000000   0.000000 
  -116.571   -408.000   0.000000          0   0.000000   0.000000 
   -58.286   -408.000   0.000000          0   0.000000   0.000000 
     0.000   -408.000   0.000000          0   0.000000   0.000000 
    58.286   -408.000   0.000000          0   0.000000   0.000000 
   116.571   -408.000   0.000000          0   0.000000   0.000000 
   174.857   -408.000   0.000000          0   0.000000   0.000000 
   233.143   -408.000   0.000000          0   0.000000   0.000000 
   291.429   -408.000   0.000000          0   0.000000   0.000000 
   349.714   -408.000   0.000000          0   0.000000   0.000000 
   408.000   -408.000   0.000000          0   0.000000   0.000000 
  -408.000   -349.714   0.000000          0   0.000000   0.000000 
  -349.714   -349.714   0.000000          0   0.000000   0.000000 
  -291.429   -349.714   0.000000          0   0.000000   0.000000 
  -233.143   -349.714   0.000000          0   0.000000   0.000000 
  -174.857   -349.714   0.000000          0   0.000000   0.000000 
  -116.571   -349.714   0.000000          0   0.000000   0.000000 
   -58.286   -349.714   0.000000          0   0.000000   0.000000 
     0.000   -349.714   0.335639        240   0.064958   0.003746 
    58.286   -349.714   0.000000          0   0.000000   0.000000 
   116.571   -349.714   0.126573        143   0.124201  -0.147700 
   174.857   -349.714   0.136297         59   0.069787   0.365815 
   233.143   -349.714   0.000000          0   0.000000   0.000000 
   291.429   -349.714   0.000000          0   0.000000   0.000000 
   349.714   -349.714   0.000000          0   0.000000   0.000000 
   408.000   -349.714   0.000000          0   0.000000   0.000000 
  -408.000   -291.429   0.000000          0   0.000000   0.000000 
  -349.714   -291.429   0.000000          0   0.000000   0.000000 
  -291.429   -291.429   0.000000          0   0.000000   0.000000 
  -233.143   -291.429   0.000000          0   0.000000   0.000000 
  -174.857   -291.429   0.000000          0   0.000000   0.000000 
  -116.571   -291.429   0.033325        119   0.178753  -0.206228 
   -58.286   -291.429   0.035301        214   0.254465   0.097938 
     0.000   -291.429   0.124118        602  -0.041910  -0.034254 
    58.286   -291.429   0.119401        783  -0.029003   0.044089 
   116.571   -291.429   0.127365        751   0.042469  -0.061218 
   174.857   -291.429   0.111476       2941  -0.009743   0.033055 
   233.143   -291.429   0.107797       1790  -0.056406  -0.022900 
   291.429   -291.429   0.069552         61   0.150200  -0.015106 
   349.714   -291.429   0.000000          0   0.000000   0.000000 
   408.000   -291.429   0.000000          0   0.000000   0.000000 
  -408.000   -233.143   0.000000          0   0.000000   0.000000 
  -349.714   -233.143   0.000000          0   0.000000   0.000000 
  -291.429   -233.143   0.000000          0   0.000000   0.000000 
  -233.143   -233.143   0.141025        422   0.000369  -0.083949 
  -174.857   -233.143   0.124440        362   0.138606   0.112731 
  -116.571   -233.143   0.154713        342  -0.004096  -0.171743 
   -58.286   -233.143   0.206855        125  -0.122194  -0.080902 
     0.000   -233.143   0.129008       2052   0.007282  -0.006228 
    58.286   -233.143   0.142675       4021   0.015852  -0.009633 
   116.571   -233.143   0.184981       2785  -0.020492   0.032775 
   174.857   -233.143   0.142253       5213   0.012081   0.014495 
   233.143   -233.143   0.101954       3588   0.056488  -0.024511 
   291.429   -233.143   0.138537       1506   0.021579   0.051521 
   349.714   -233.143   0.000000          0   0.000000   0.000000 
   408.000   -233.143   0.000000          0   0.000000   0.000000 
  -408.000   -174.857   0.000000          0   0.000000   0.000000 
  -349.714   -174.857   0.000000          0   0.000000   0.000000 
  -291.429   -174.857   0.000000          0   0.000000   0.000000 
  -233.143   -174.857   0.000000          0   0.000000   0.000000 
  -174.857   -174.857   0.213868        247  -0.240458  -0.043748 
  -116.571   -174.857   0.205923       1053  -0.102894   0.052399 
   -58.286   -174.857   0.134574       2210  -0.066941  -0.025698 
     0.000   -174.857   0.121033       1138  -0.034147  -0.064462 
    58.286   -174.857   0.126987       3102  -0.014370   0.017092 
   116.571   -174.857   0.155278       4481  -0.037045   0.011508 
   174.857   -174.857   0.155282       2418  -0.001850  -0.083810 
   233.143   -174.857   0.102569       5189   0.007912   0.006215 
   291.429   -174.857   0.210801       1197   0.081945   0.018717 
   349.714   -174.857   0.141152        188   0.030018   0.427748 
   408.000   -174.857   0.000000          0   0.000000   0.000000 
  -408.000   -116.571   0.000000          0   0.000000   0.000000 
  -349.714   -116.571   0.000000          0   0.000000   0.000000 
  -291.429   -116.571   0.094755        126   0.291060  -0.202055 
  -233.143   -116.571   0.104195        142   0.385725  -0.095759 
  -174.857   -116.571   0.097300       1256   0.040276   0.039524 
  -116.571   -116.571   0.143138       1969   0.031416   0.028313 
   -58.286   -116.571   0.137977       3995   0.018507  -0.006454 
     0.000   -116.571   0.169840       4026  -0.031569  -0.011493 
    58.286   -116.571   0.114157       4933  -0.029786   0.024008 
   116.571   -116.571   0.155102       3748  -0.016125  -0.011278 
   174.857   -116.571   0.171444       4229  -0.032262  -0.030045 
   233.143   -116.571   0.125647       2314  -0.056985  -0.000628 
   291.429   -116.571   0.159333       1412  -0.078393  -0.025703 
   349.714   -116.571   0.169970        185   0.117485   0.290119 
   408.000   -116.571   0.000000          0   0.000000   0.000000 
  -408.000    -58.286   0.000000          0   0.000000   0.000000 
  -349.714    -58.286   0.079601         39   0.039646  -0.224885 
  -291.429    -58.286   0.114442        132   0.110841  -0.344964 
  -233.143    -58.286   0.101203        433   0.099914  -0.055974 
  -174.857    -58.286   0.087485       1007   0.047831   0.075193 
  -116.571    -58.286   0.159580       1700  -0.078181   0.102105 
   -58.286    -58.286   0.171788       2331  -0.066506  -0.021928 
     0.000    -58.286   0.151840       3027  -0.036377   0.005517 
    58.286    -58.286   0.165862       3054   0.006018  -0.006857 
   116.571    -58.286   0.180636       2778   0.016786   0.026998 
   174.857    -58.286   0.152723       3734  -0.021752  -0.021330 
   233.143    -58.286   0.151608       2583  -0.013161  -0.001012 
   291.429    -58.286   0.121749       1721  -0.022739  -0.076204 
   349.714    -58.286   0.036128         79  -0.366118   0.230352 
   408.000    -58.286   0.000000          0   0.000000   0.000000 
  -408.000      0.000   0.000000          0   0.000000   0.000000 
  -349.714      0.000   0.000000          0   0.000000   0.000000 
  -291.429      0.000   0.156483        378  -0.091462  -0.284763 
  -233.143      0.000   0.163169        205  -0.028340   0.221121 
  -174.857      0.000   0.106988       1322  -0.079388   0.100978 
  -116.571      0.000   0.146997       2451   0.058727   0.025716 
   -58.286      0.000   0.162668       4426  -0.006541   0.012069 
     0.000      0.000   0.167834       4143   0.010157  -0.003953 
    58.286      0.000   0.233546       2196  -0.033295  -0.044069 
   116.571      0.000   0.235382       3149  -0.012589   0.006843 
   174.857      0.000   0.189120       4663   0.029165   0.001758 
   233.143      0.000   0.146097       3500  -0.005981  -0.008782 
   291.429      0.000   0.141658       1456  -0.041525  -0.042040 
   349.714      0.000   0.136739        325   0.037137   0.010036 
   408.000      0.000   0.000000          0   0.000000   0.000000 
  -408.000     58.286   0.000000          0   0.000000   0.000000 
  -349.714     58.286   0.000000          0   0.000000   0.000000 
  -291.429     58.286   0.122494        742   0.050231  -0.098836 
  -233.143     58.286   0.219626       1295   0.037684  -0.029469 
  -174.857     58.286   0.169402       2152   0.079090   0.052958 
  -116.571     58.286   0.202613       1823  -0.016651   0.052358 
   -58.286     58.286   0.211334       3150   0.008966   0.014278 
     0.000     58.286   0.146225       5380  -0.001893   0.006547 
    58.286     58.286   0.169181       5003  -0.006778  -0.003724 
   116.571     58.286   0.193558       3967   0.008059   0.007476 
   174.857     58.286   0.124870       4476  -0.015947  -0.014180 
   233.143     58.286   0.151355       1829   0.003986   0.012975 
   291.429     58.286   0.205768        562   0.071536  -0.130378 
   349.714     58.286   0.127904        418  -0.031454  -0.049303 
   408.000     58.286   0.000000          0   0.000000   0.000000 
  -408.000    116.571   0.000000          0   0.000000   0.000000 
  -349.714    116.571   0.115403        425   0.010365  -0.115019 
  -291.429    116.571   0.205712        550   0.001693  -0.064469 
  -233.143    116.571   0.186576       1268  -0.058432  -0.030504 
  -174.857    116.571   0.149305       3663  -0.035685   0.021742 
  -116.571    116.571   0.154504       3936  -0.022120   0.042495 
   -58.286    116.571   0.145858       3295   0.023209   0.028516 
     0.000    116.571   0.143792       4333  -0.000401  -0.001782 
    58.286    116.571   0.203422       4808  -0.037498   0.029709 
   116.571    116.571   0.172553       4383  -0.007402  -0.053441 
   174.857    116.571   0.175030       3538   0.021213   0.017544 
   233.143    116.571   0.127361       3454   0.008567  -0.021339 
   291.429    116.571   0.150045        476  -0.009802  -0.081928 
   349.714    116.571   0.062002        243  -0.088590  -0.063244 
   408.000    116.571   0.000000          0   0.000000   0.000000 
  -408.000    174.857   0.000000          0   0.000000   0.000000 
  -349.714    174.857   0.084347         25  -0.160667  -0.175708 
  -291.429    174.857   0.166383        235  -0.149544  -0.134620 
  -233.143    174.857   0.235783        482  -0.139732   0.019780 
  -174.857    174.857   0.124628       1401  -0.047957   0.054584 
  -116.571    174.857   0.115365       2191   0.054176  -0.003102 
   -58.286    174.857   0.160280       3015   0.018468   0.061529 
     0.000    174.857   0.175250       4609  -0.030388   0.041042 
    58.286    174.857   0.194521       4111  -0.008692  -0.018401 
   116.571    174.857   0.138609       5428   0.008571  -0.039221 
   174.857    174.857   0.135940       3362   0.023649  -0.021124 
   233.143    174.857   0.170563       1068   0.059647  -0.016486 
   291.429    174.857   0.148026        633   0.150826  -0.025547 
   349.714    174.857   0.062348         96   0.217834  -0.161639 
   408.000    174.857   0.000000          0   0.000000   0.000000 
  -408.000    233.143   0.000000          0   0.000000   0.000000 
  -349.714    233.143   0.000000          0   0.000000   0.000000 
  -291.429    233.143   0.052070        310  -0.060257  -0.051988 
  -233.143    233.143   0.086955         91  -0.294866   0.159647 
  -174.857    233.143   0.125533        324  -0.000090   0.087271 
  -116.571    233.143   0.085167        879  -0.013095  -0.050384 
   -58.286    233.143   0.127040       1637   0.026244   0.051688 
     0.000    233.143   0.125537       5008   0.058826   0.024591 
    58.286    233.143   0.169905       3546   0.085511   0.013380 
   116.571    233.143   0.128298       3263   0.012602  -0.065164 
   174.857    233.143   0.137211       4714  -0.010158  -0.029713 
   233.143    233.143   0.146146       2309   0.012638   0.024582 
   291.429    233.143   0.128768        720  -0.059494   0.043071 
   349.714    233.143   0.000000          0   0.000000   0.000000 
   408.000    233.143   0.000000          0   0.000000   0.000000 
  -408.000    291.429   0.000000          0   0.000000   0.000000 
  -349.714    291.429   0.000000          0   0.000000   0.000000 
  -291.429    291.429   0.000000          0   0.000000   0.000000 
  -233.143    291.429   0.000000          0   0.000000   0.000000 
  -174.857    291.429   0.055663        184   0.004548  -0.000485 
  -116.571    291.429   0.000000          0   0.000000   0.000000 
   -58.286    291.429   0.122950        232   0.059699  -0.058851 
     0.000    291.429   0.113705        610   0.083696   0.013988 
    58.286    291.429   0.115098       1100   0.078251   0.025953 
   116.571    291.429   0.130832       1225   0.093921   0.014413 
   174.857    291.429   0.127282       1611   0.032843   0.011543 
   233.143    291.429   0.103804       1523  -0.021851  -0.042866 
   291.429    291.429   0.000000          0   0.000000   0.000000 
   349.714    291.429   0.000000          0   0.000000   0.000000 
   408.000    291.429   0.000000          0   0.000000   0.000000 
  -408.000    349.714   0.000000          0   0.000000   0.000000 
  -349.714    349.714   0.000000          0   0.000000   0.000000 
  -291.429    349.714   0.000000          0   0.000000   0.000000 
  -233.143    349.714   0.000000          0   0.000000   0.000000 
  -174.857    349.714   0.000000          0   0.000000   0.000000 
  -116.571    349.714   0.000000          0   0.000000   0.000000 
   -58.286    349.714   0.000000          0   0.000000   0.000000 
     0.000    349.714   0.043763         51  -0.066032  -0.005016 
    58.286    349.714   0.001488          2   0.018265  -0.021818 
   116.571    349.714   0.015822          7   0.155233   0.248034 
   174.857    349.714   0.147988        110   0.096375  -0.022158 
   233.143    349.714   0.000000          0   0.000000   0.000000 
   291.429    349.714   0.000000          0   0.000000   0.000000 
   349.714    349.714   0.000000          0   0.000000   0.000000 
   408.000    349.714   0.000000          0   0.000000   0.000000 
  -408.000    408.000   0.000000          0   0.000000   0.000000 
  -349.714    408.000   0.000000          0   0.000000   0.000000 
  -291.429    408.000   0.000000          0   0.000000   0.000000 
  -233.143    408.000   0.000000          0   0.000000   0.000000 
  -174.857    408.000   0.000000          0   0.000000   0.000000 
  -116.571    408.000   0.000000          0   0.000000   0.000000 
   -58.286    408.000   0.000000          0   0.000000   0.000000 
     0.000    408.000   0.000000          0   0.000000   0.000000 
    58.286    408.000   0.000000          0   0.000000   0.000000 
   116.571    408.000   0.000000          0   0.000000   0.000000 
   174.857    408.000   0.000000          0   0.000000   0.000000 
   233.143    408.000   0.000000          0   0.000000   0.000000 
   291.429    408.000   0.000000          0   0.000000   0.000000 
   349.714    408.000   0.000000          0   0.000000   0.000000 
   408.000    408.000   0.000000          0   0.000000   0.000000 
