    X          Y          T         n          ux         uy    
  -408.000   -408.000   0.000000          0   0.000000   0.000000 
  -349.714   -408.000   0.000000          0   0.000000   0.000000 
  -291.429   -408.000   0.000000          0   0.000000   0.000000 
  -233.143   -408.000   0.000000          0   0.000000   0.000000 
  -174.857   -408.000   0.000000          0   0.000000   0.000000 
  -116.571   -408.000   0.000000          0   0.000000   0.000000 
   -58.286   -408.000   0.000000          0   0.000000   0.000000 
     0.000   -408.000   0.000000          0   0.000000   0.000000 
    58.286   -408.000   0.000000          0   0.000000   0.000000 
   116.571   -408.000   0.000000          0   0.000000   0.000000 
   174.857   -408.000   0.000000          0   0.000000   0.000000 
   233.143   -408.000   0.000000          0   0.000000   0.000000 
   291.429   -408.000   0.000000          0   0.000000   0.000000 
   349.714   -408.000   0.000000          0   0.000000   0.000000 
   408.000   -408.000   0.000000          0   0.000000   0.000000 
  -408.000   -349.714   0.000000          0   0.000000   0.000000 
  -349.714   -349.714   0.000000          0   0.000000   0.000000 
  -291.429   -349.714   0.000000          0   0.000000   0.000000 
  -233.143   -349.714   0.000000          0   0.000000   0.000000 
  -174.857   -349.714   0.248191       3421   0.518339  -0.274743 
  -116.571   -349.714   0.276414      10801   0.514559  -0.154566 
   -58.286   -349.714   0.271539      11235   0.537602  -0.105052 
     0.000   -349.714   0.291676      11831   0.533610  -0.031911 
    58.286   -349.714   0.283706      12526   0.503005   0.044051 
   116.571   -349.714   0.292808      12532   0.484503   0.106438 
   174.857   -349.714   0.264887      10777   0.457936   0.212637 
   233.143   -349.714   0.201270        303   0.408148   0.271300 
   291.429   -349.714   0.000000          0   0.000000   0.000000 
   349.714   -349.714   0.000000          0   0.000000   0.000000 
   408.000   -349.714   0.000000          0   0.000000   0.000000 
  -408.000   -291.429   0.000000          0   0.000000   0.000000 
  -349.714   -291.429   0.000000          0   0.000000   0.000000 
  -291.429   -291.429   0.000000          0   0.000000   0.000000 
  -233.143   -291.429   0.211541       9754   0.401433  -0.323917 
  -174.857   -291.429   0.237404      11238   0.409783  -0.256601 
  -116.571   -291.429   0.274382       4204   0.407864  -0.153734 
   -58.286   -291.429   0.307870       6460   0.392554  -0.094275 
     0.000   -291.429   0.344975       7852   0.368914  -0.022950 
    58.286   -291.429   0.304902       7778   0.389180   0.017742 
   116.571   -291.429   0.321118       6277   0.407929   0.154923 
   174.857   -291.429   0.340262       5291   0.353449   0.171905 
   233.143   -291.429   0.262401      14617   0.415295   0.288689 
   291.429   -291.429   0.289888       3881   0.369611   0.349562 
   349.714   -291.429   0.000000          0   0.000000   0.000000 
   408.000   -291.429   0.000000          0   0.000000   0.000000 
  -408.000   -233.143   0.000000          0   0.000000   0.000000 
  -349.714   -233.143   0.000000          0   0.000000   0.000000 
  -291.429   -233.143   0.240781      10550   0.303373  -0.377560 
  -233.143   -233.143   0.234469       7422   0.347075  -0.330066 
  -174.857   -233.143   0.303396       8026   0.275039  -0.244350 
  -116.571   -233.143   0.308881      11100   0.283881  -0.106910 
   -58.286   -233.143   0.315785       8362   0.303782  -0.105733 
     0.000   -233.143   0.317696       7979   0.278064  -0.002161 
    58.286   -233.143   0.331504       7783   0.230856   0.028586 
   116.571   -233.143   0.332874       8541   0.246412   0.097852 
   174.857   -233.143   0.303116      12582   0.260899   0.157211 
   233.143   -233.143   0.272816       4876   0.270528   0.222114 
   291.429   -233.143   0.266724      15821   0.307342   0.371805 
   349.714   -233.143   0.186572       1045   0.324702   0.524487 
   408.000   -233.143   0.000000          0   0.000000   0.000000 
  -408.000   -174.857   0.000000          0   0.000000   0.000000 
  -349.714   -174.857   0.230979       2597   0.226415  -0.461418 
  -291.429   -174.857   0.269515      11952   0.234337  -0.440542 
  -233.143   -174.857   0.294855       7932   0.217346  -0.283080 
  -174.857   -174.857   0.324231       9256   0.237698  -0.212052 
  -116.571   -174.857   0.317705       7232   0.213224  -0.126884 
   -58.286   -174.857   0.359735       9516   0.188828  -0.078585 
     0.000   -174.857   0.323139       9872   0.207716  -0.000727 
    58.286   -174.857   0.368326       8973   0.222817   0.043170 
   116.571   -174.857   0.330713      10412   0.188550   0.086708 
   174.857   -174.857   0.335626       5811   0.207390   0.166213 
   233.143   -174.857   0.343909      12494   0.200909   0.215888 
   291.429   -174.857   0.305308       3645   0.295820   0.348029 
   349.714   -174.857   0.247755      13270   0.251229   0.467451 
   408.000   -174.857   0.000000          0   0.000000   0.000000 
  -408.000   -116.571   0.000000          0   0.000000   0.000000 
  -349.714   -116.571   0.243792      10635   0.185887  -0.497795 
  -291.429   -116.571   0.298591       4567   0.181786  -0.419307 
  -233.143   -116.571   0.318888      11549   0.137878  -0.299631 
  -174.857   -116.571   0.303974       7005   0.112691  -0.175239 
  -116.571   -116.571   0.346019       9432   0.124802  -0.140090 
   -58.286   -116.571   0.329774       6675   0.147537  -0.059074 
     0.000   -116.571   0.382763       8367   0.091743   0.000013 
    58.286   -116.571   0.342480       8346   0.105963   0.022716 
   116.571   -116.571   0.356157       6940   0.098585   0.123849 
   174.857   -116.571   0.333350      12078   0.106827   0.132125 
   233.143   -116.571   0.364950       5492   0.152511   0.224577 
   291.429   -116.571   0.312395       9476   0.103591   0.294941 
   349.714   -116.571   0.267768      13932   0.141461   0.503398 
   408.000   -116.571   0.000000          0   0.000000   0.000000 
  -408.000    -58.286   0.000000          0   0.000000   0.000000 
  -349.714    -58.286   0.238687      12317   0.088993  -0.498077 
  -291.429    -58.286   0.263629       7749   0.050111  -0.325064 
  -233.143    -58.286   0.284554       9196   0.077941  -0.272273 
  -174.857    -58.286   0.302900       9715   0.077094  -0.185215 
  -116.571    -58.286   0.388391       6655   0.049591  -0.137606 
   -58.286    -58.286   0.348513      10604   0.055003  -0.048206 
     0.000    -58.286   0.356195       7888   0.050218  -0.022141 
    58.286    -58.286   0.356815       8453   0.081011   0.039126 
   116.571    -58.286   0.332935       9825   0.057486   0.086104 
   174.857    -58.286   0.360846       8897   0.060927   0.164897 
   233.143    -58.286   0.337369       6713   0.043645   0.220133 
   291.429    -58.286   0.329091      12129   0.043185   0.269541 
   349.714    -58.286   0.295271      10614   0.066014   0.498044 
   408.000    -58.286   0.271164       3137   0.065320   0.600768 
  -408.000      0.000   0.000000          0   0.000000   0.000000 
  -349.714      0.000   0.242760      13400   0.021573  -0.480626 
  -291.429      0.000   0.284390       8142   0.023586  -0.347104 
  -233.143      0.000   0.301984       7287   0.022511  -0.282869 
  -174.857      0.000   0.337263      11927   0.007172  -0.175656 
  -116.571      0.000   0.345740       6795   0.021697  -0.075435 
   -58.286      0.000   0.364834       8816  -0.011618  -0.061804 
     0.000      0.000   0.374752      10975  -0.008913  -0.019090 
    58.286      0.000   0.372497       7305   0.001131   0.013960 
   116.571      0.000   0.339767      10262   0.019226   0.096445 
   174.857      0.000   0.349625       7884   0.023086   0.157015 
   233.143      0.000   0.329167       7127   0.048589   0.266605 
   291.429      0.000   0.344421      10708   0.007648   0.292460 
   349.714      0.000   0.292046       7577  -0.010350   0.508118 
   408.000      0.000   0.290152       6279  -0.005231   0.557649 
  -408.000     58.286   0.000000          0   0.000000   0.000000 
  -349.714     58.286   0.252232      13667  -0.077648  -0.462038 
  -291.429     58.286   0.284735       8049  -0.060674  -0.327746 
  -233.143     58.286   0.307012       8317  -0.045360  -0.272767 
  -174.857     58.286   0.342660       9219  -0.037021  -0.220545 
  -116.571     58.286   0.362515       6784  -0.022573  -0.102094 
   -58.286     58.286   0.387262      10068  -0.040050  -0.030771 
     0.000     58.286   0.346226       7506  -0.052631  -0.010961 
    58.286     58.286   0.375416       6527  -0.090351   0.013435 
   116.571     58.286   0.343834      11503  -0.038635   0.068259 
   174.857     58.286   0.362350       8142  -0.082276   0.147488 
   233.143     58.286   0.346993       8306  -0.059436   0.215222 
   291.429     58.286   0.363706      10722  -0.060930   0.299782 
   349.714     58.286   0.308121      10625  -0.096310   0.508408 
   408.000     58.286   0.292621       3223  -0.086177   0.585203 
  -408.000    116.571   0.000000          0   0.000000   0.000000 
  -349.714    116.571   0.250123      11827  -0.169250  -0.478608 
  -291.429    116.571   0.264160       4482  -0.091280  -0.412915 
  -233.143    116.571   0.318349      12113  -0.129017  -0.283246 
  -174.857    116.571   0.321599       8675  -0.107961  -0.156562 
  -116.571    116.571   0.325012       9415  -0.111509  -0.112008 
   -58.286    116.571   0.315084       7994  -0.099145  -0.038196 
     0.000    116.571   0.342542       9558  -0.069424  -0.016956 
    58.286    116.571   0.352464       9501  -0.082444   0.015563 
   116.571    116.571   0.369833       7255  -0.091305   0.106292 
   174.857    116.571   0.345236      10802  -0.096811   0.145142 
   233.143    116.571   0.339804       7685  -0.123153   0.245279 
   291.429    116.571   0.327643       7896  -0.150670   0.345253 
   349.714    116.571   0.297179      12073  -0.165610   0.555242 
   408.000    116.571   0.000000          0   0.000000   0.000000 
  -408.000    174.857   0.000000          0   0.000000   0.000000 
  -349.714    174.857   0.271252       3605  -0.204183  -0.457678 
  -291.429    174.857   0.273650      12008  -0.217883  -0.433917 
  -233.143    174.857   0.271511      10153  -0.174198  -0.262695 
  -174.857    174.857   0.284973       7263  -0.169741  -0.210919 
  -116.571    174.857   0.334311       9129  -0.148211  -0.119054 
   -58.286    174.857   0.362860      10910  -0.122047  -0.074208 
     0.000    174.857   0.337774       8995  -0.142872  -0.001943 
    58.286    174.857   0.335695      11142  -0.135627   0.026573 
   116.571    174.857   0.335816      10529  -0.170958   0.101228 
   174.857    174.857   0.352005       6345  -0.164894   0.196890 
   233.143    174.857   0.307706      11770  -0.197700   0.253055 
   291.429    174.857   0.294607       5005  -0.207876   0.351571 
   349.714    174.857   0.291127      10664  -0.274986   0.529192 
   408.000    174.857   0.000000          0   0.000000   0.000000 
  -408.000    233.143   0.000000          0   0.000000   0.000000 
  -349.714    233.143   0.000000          0   0.000000   0.000000 
  -291.429    233.143   0.269870      13259  -0.282234  -0.399435 
  -233.143    233.143   0.294957       5189  -0.296426  -0.348260 
  -174.857    233.143   0.300345      11285  -0.240028  -0.194341 
  -116.571    233.143   0.335759      10376  -0.280068  -0.121192 
   -58.286    233.143   0.370361       6625  -0.261636  -0.107976 
     0.000    233.143   0.338004       6830  -0.235005  -0.007929 
    58.286    233.143   0.326876       5624  -0.229012   0.047209 
   116.571    233.143   0.326447       8320  -0.245218   0.117670 
   174.857    233.143   0.304416      12389  -0.266141   0.191133 
   233.143    233.143   0.307468       5486  -0.271120   0.259013 
   291.429    233.143   0.259027      15150  -0.317053   0.379410 
   349.714    233.143   0.257584        949  -0.329177   0.504275 
   408.000    233.143   0.000000          0   0.000000   0.000000 
  -408.000    291.429   0.000000          0   0.000000   0.000000 
  -349.714    291.429   0.000000          0   0.000000   0.000000 
  -291.429    291.429   0.000000          0   0.000000   0.000000 
  -233.143    291.429   0.235490      14070  -0.383547  -0.322950 
  -174.857    291.429   0.265384       9458  -0.401699  -0.228783 
  -116.571    291.429   0.292646       5425  -0.316443  -0.153100 
   -58.286    291.429   0.309052      10258  -0.332873  -0.081666 
     0.000    291.429   0.345199      11264  -0.338033   0.005464 
    58.286    291.429   0.323752      11738  -0.335445   0.044862 
   116.571    291.429   0.349597       8152  -0.336978   0.086400 
   174.857    291.429   0.283364       5200  -0.355489   0.229495 
   233.143    291.429   0.266035      15894  -0.385874   0.284184 
   291.429    291.429   0.240858       3601  -0.366286   0.359770 
   349.714    291.429   0.000000          0   0.000000   0.000000 
   408.000    291.429   0.000000          0   0.000000   0.000000 
  -408.000    349.714   0.000000          0   0.000000   0.000000 
  -349.714    349.714   0.000000          0   0.000000   0.000000 
  -291.429    349.714   0.000000          0   0.000000   0.000000 
  -233.143    349.714   0.000000          0   0.000000   0.000000 
  -174.857    349.714   0.229710       6962  -0.464531  -0.251791 
  -116.571    349.714   0.268453      13886  -0.463599  -0.167655 
   -58.286    349.714   0.248507      13643  -0.485822  -0.084651 
     0.000    349.714   0.265419      13386  -0.504029  -0.006345 
    58.286    349.714   0.289569      14006  -0.469308   0.053594 
   116.571    349.714   0.296826      13576  -0.480235   0.138661 
   174.857    349.714   0.303948      11337  -0.474866   0.222149 
   233.143    349.714   0.242616        356  -0.529515   0.251056 
   291.429    349.714   0.000000          0   0.000000   0.000000 
   349.714    349.714   0.000000          0   0.000000   0.000000 
   408.000    349.714   0.000000          0   0.000000   0.000000 
  -408.000    408.000   0.000000          0   0.000000   0.000000 
  -349.714    408.000   0.000000          0   0.000000   0.000000 
  -291.429    408.000   0.000000          0   0.000000   0.000000 
  -233.143    408.000   0.000000          0   0.000000   0.000000 
  -174.857    408.000   0.000000          0   0.000000   0.000000 
  -116.571    408.000   0.000000          0   0.000000   0.000000 
   -58.286    408.000   0.000000          0   0.000000   0.000000 
     0.000    408.000   0.000000          1  -1.274691  -0.633051 
    58.286    408.000   0.000000          1  -0.180910  -0.081828 
   116.571    408.000   0.000000          0   0.000000   0.000000 
   174.857    408.000   0.000000          0   0.000000   0.000000 
   233.143    408.000   0.000000          0   0.000000   0.000000 
   291.429    408.000   0.000000          0   0.000000   0.000000 
   349.714    408.000   0.000000          0   0.000000   0.000000 
   408.000    408.000   0.000000          0   0.000000   0.000000 
