    X          Y          T         n          ux         uy    
  -408.000   -408.000   0.000000          0   0.000000   0.000000 
  -349.714   -408.000   0.000000          0   0.000000   0.000000 
  -291.429   -408.000   0.000000          0   0.000000   0.000000 
  -233.143   -408.000   0.000000          0   0.000000   0.000000 
  -174.857   -408.000   0.000000          0   0.000000   0.000000 
  -116.571   -408.000   0.000000          0   0.000000   0.000000 
   -58.286   -408.000   0.000000          0   0.000000   0.000000 
     0.000   -408.000   0.000000          0   0.000000   0.000000 
    58.286   -408.000   0.000000          0   0.000000   0.000000 
   116.571   -408.000   0.000000          0   0.000000   0.000000 
   174.857   -408.000   0.000000          0   0.000000   0.000000 
   233.143   -408.000   0.000000          0   0.000000   0.000000 
   291.429   -408.000   0.000000          0   0.000000   0.000000 
   349.714   -408.000   0.000000          0   0.000000   0.000000 
   408.000   -408.000   0.000000          0   0.000000   0.000000 
  -408.000   -349.714   0.000000          0   0.000000   0.000000 
  -349.714   -349.714   0.000000          0   0.000000   0.000000 
  -291.429   -349.714   0.000000          0   0.000000   0.000000 
  -233.143   -349.714   0.000000          0   0.000000   0.000000 
  -174.857   -349.714   0.000000          0   0.000000   0.000000 
  -116.571   -349.714   0.000000          0   0.000000   0.000000 
   -58.286   -349.714   0.000000          0   0.000000   0.000000 
     0.000   -349.714   0.000000          0   0.000000   0.000000 
    58.286   -349.714   0.000000          0   0.000000   0.000000 
   116.571   -349.714   0.000000          0   0.000000   0.000000 
   174.857   -349.714   0.042230        284   0.007387   0.000230 
   233.143   -349.714   0.000000          0   0.000000   0.000000 
   291.429   -349.714   0.000000          0   0.000000   0.000000 
   349.714   -349.714   0.000000          0   0.000000   0.000000 
   408.000   -349.714   0.000000          0   0.000000   0.000000 
  -408.000   -291.429   0.000000          0   0.000000   0.000000 
  -349.714   -291.429   0.000000          0   0.000000   0.000000 
  -291.429   -291.429   0.000000          0   0.000000   0.000000 
  -233.143   -291.429   0.000000          0   0.000000   0.000000 
  -174.857   -291.429   0.000000          0   0.000000   0.000000 
  -116.571   -291.429   0.000000          0   0.000000   0.000000 
   -58.286   -291.429   0.039194        431  -0.123482   0.047913 
     0.000   -291.429   0.030908        553  -0.206584   0.002381 
    58.286   -291.429   0.053901       1803  -0.073999   0.023931 
   116.571   -291.429   0.044412       1726  -0.080134   0.000691 
   174.857   -291.429   0.042121       6141  -0.026707  -0.009201 
   233.143   -291.429   0.035685       2763   0.007162  -0.007403 
   291.429   -291.429   0.054443         76   0.084816   0.033672 
   349.714   -291.429   0.000000          0   0.000000   0.000000 
   408.000   -291.429   0.000000          0   0.000000   0.000000 
  -408.000   -233.143   0.000000          0   0.000000   0.000000 
  -349.714   -233.143   0.000000          0   0.000000   0.000000 
  -291.429   -233.143   0.000000          0   0.000000   0.000000 
  -233.143   -233.143   0.000000          0   0.000000   0.000000 
  -174.857   -233.143   0.018659        190  -0.171202   0.065715 
  -116.571   -233.143   0.038409       1087  -0.107260   0.070884 
   -58.286   -233.143   0.036500       2849  -0.102247   0.041744 
     0.000   -233.143   0.034376       6314  -0.086858   0.045016 
    58.286   -233.143   0.043668       9368  -0.090872  -0.006565 
   116.571   -233.143   0.045473       7700  -0.070625  -0.015843 
   174.857   -233.143   0.043415       5682  -0.056442  -0.024170 
   233.143   -233.143   0.039232      11454  -0.021281  -0.021563 
   291.429   -233.143   0.037800       1904  -0.009637  -0.002054 
   349.714   -233.143   0.000000          0   0.000000   0.000000 
   408.000   -233.143   0.000000          0   0.000000   0.000000 
  -408.000   -174.857   0.000000          0   0.000000   0.000000 
  -349.714   -174.857   0.000000          0   0.000000   0.000000 
  -291.429   -174.857   0.000000          0   0.000000   0.000000 
  -233.143   -174.857   0.000000          0   0.000000   0.000000 
  -174.857   -174.857   0.045143       2201  -0.024057   0.071593 
  -116.571   -174.857   0.033825       6372  -0.079308   0.070255 
   -58.286   -174.857   0.036238       7947  -0.094968   0.033394 
     0.000   -174.857   0.040612       7543  -0.087053   0.026034 
    58.286   -174.857   0.045248       6127  -0.074673   0.007671 
   116.571   -174.857   0.045372       9242  -0.058897  -0.037116 
   174.857   -174.857   0.047010       7543  -0.045080  -0.057448 
   233.143   -174.857   0.039357       4634  -0.007212  -0.080608 
   291.429   -174.857   0.043688       1215  -0.014210  -0.057448 
   349.714   -174.857   0.000000          0   0.000000   0.000000 
   408.000   -174.857   0.000000          0   0.000000   0.000000 
  -408.000   -116.571   0.000000          0   0.000000   0.000000 
  -349.714   -116.571   0.000000          0   0.000000   0.000000 
  -291.429   -116.571   0.000000          0   0.000000   0.000000 
  -233.143   -116.571   0.037849        256   0.001357   0.051012 
  -174.857   -116.571   0.041978       3923  -0.053622   0.115152 
  -116.571   -116.571   0.038976       8485  -0.063506   0.091089 
   -58.286   -116.571   0.034640       9426  -0.077243   0.044153 
     0.000   -116.571   0.031700      10879  -0.070196   0.015981 
    58.286   -116.571   0.031365      10095  -0.058102  -0.007741 
   116.571   -116.571   0.040607       8629  -0.069193  -0.052649 
   174.857   -116.571   0.046244       9435  -0.051276  -0.079059 
   233.143   -116.571   0.045445       8213  -0.014691  -0.066377 
   291.429   -116.571   0.048084        355   0.009422  -0.216322 
   349.714   -116.571   0.000000          0   0.000000   0.000000 
   408.000   -116.571   0.000000          0   0.000000   0.000000 
  -408.000    -58.286   0.000000          0   0.000000   0.000000 
  -349.714    -58.286   0.000000          0   0.000000   0.000000 
  -291.429    -58.286   0.000000          0   0.000000   0.000000 
  -233.143    -58.286   0.036100        549  -0.024651   0.125718 
  -174.857    -58.286   0.042441       6603  -0.035925   0.131716 
  -116.571    -58.286   0.032504       9655  -0.039920   0.093885 
   -58.286    -58.286   0.026311      10945  -0.041597   0.035676 
     0.000    -58.286   0.017029      11375  -0.044792   0.018847 
    58.286    -58.286   0.016598      13765  -0.039432  -0.016415 
   116.571    -58.286   0.023628      10179  -0.046708  -0.036729 
   174.857    -58.286   0.044625       8873  -0.050659  -0.102935 
   233.143    -58.286   0.037354       6547  -0.041531  -0.130603 
   291.429    -58.286   0.034807        738  -0.031101  -0.213575 
   349.714    -58.286   0.000000          0   0.000000   0.000000 
   408.000    -58.286   0.000000          0   0.000000   0.000000 
  -408.000      0.000   0.000000          0   0.000000   0.000000 
  -349.714      0.000   0.000000          0   0.000000   0.000000 
  -291.429      0.000   0.000000          0   0.000000   0.000000 
  -233.143      0.000   0.044528        954  -0.018898   0.134602 
  -174.857      0.000   0.040202       6594  -0.017965   0.159464 
  -116.571      0.000   0.028909       8696  -0.028962   0.116266 
   -58.286      0.000   0.012757      12044  -0.016660   0.033541 
     0.000      0.000   0.009121      10798  -0.016526   0.011145 
    58.286      0.000   0.007311      14279  -0.011413  -0.009596 
   116.571      0.000   0.013336      12721  -0.015816  -0.039028 
   174.857      0.000   0.034795       7707  -0.018779  -0.096811 
   233.143      0.000   0.040424       9983  -0.011504  -0.125287 
   291.429      0.000   0.056760       1058   0.028139  -0.178176 
   349.714      0.000   0.000000          0   0.000000   0.000000 
   408.000      0.000   0.000000          0   0.000000   0.000000 
  -408.000     58.286   0.000000          0   0.000000   0.000000 
  -349.714     58.286   0.000000          0   0.000000   0.000000 
  -291.429     58.286   0.000000          0   0.000000   0.000000 
  -233.143     58.286   0.049580        817  -0.014660   0.204451 
  -174.857     58.286   0.034925       6476   0.017343   0.162995 
  -116.571     58.286   0.031105       9815   0.021688   0.108080 
   -58.286     58.286   0.009570      13052   0.004801   0.029787 
     0.000     58.286   0.007201      11506   0.007614   0.010651 
    58.286     58.286   0.007954       9094   0.001152  -0.012183 
   116.571     58.286   0.009272      13207   0.005373  -0.034043 
   174.857     58.286   0.026783      10189   0.009953  -0.094113 
   233.143     58.286   0.037319       8698   0.009735  -0.138574 
   291.429     58.286   0.028460        809  -0.023358  -0.185275 
   349.714     58.286   0.000000          0   0.000000   0.000000 
   408.000     58.286   0.000000          0   0.000000   0.000000 
  -408.000    116.571   0.000000          0   0.000000   0.000000 
  -349.714    116.571   0.000000          0   0.000000   0.000000 
  -291.429    116.571   0.000000          0   0.000000   0.000000 
  -233.143    116.571   0.044422        428   0.049917   0.171581 
  -174.857    116.571   0.043171       6464   0.033323   0.123873 
  -116.571    116.571   0.029409       9405   0.053376   0.118876 
   -58.286    116.571   0.016392      10479   0.035098   0.042815 
     0.000    116.571   0.009456      13645   0.022048   0.012825 
    58.286    116.571   0.007717      13520   0.022691  -0.009070 
   116.571    116.571   0.014956       9004   0.033666  -0.045815 
   174.857    116.571   0.031264      10683   0.040090  -0.098409 
   233.143    116.571   0.033268       6120   0.052025  -0.173099 
   291.429    116.571   0.021910        246   0.088796  -0.208032 
   349.714    116.571   0.000000          0   0.000000   0.000000 
   408.000    116.571   0.000000          0   0.000000   0.000000 
  -408.000    174.857   0.000000          0   0.000000   0.000000 
  -349.714    174.857   0.000000          0   0.000000   0.000000 
  -291.429    174.857   0.000000          0   0.000000   0.000000 
  -233.143    174.857   0.028135        264   0.093735   0.145391 
  -174.857    174.857   0.037293       3607   0.073402   0.111788 
  -116.571    174.857   0.038056       7045   0.108630   0.104632 
   -58.286    174.857   0.028628      10694   0.090319   0.072311 
     0.000    174.857   0.020671       9629   0.076564   0.028856 
    58.286    174.857   0.016532      11550   0.059896  -0.012006 
   116.571    174.857   0.029177       9917   0.082946  -0.056402 
   174.857    174.857   0.038958       9907   0.092168  -0.112141 
   233.143    174.857   0.044109       3235   0.108451  -0.143068 
   291.429    174.857   0.000000          0   0.000000   0.000000 
   349.714    174.857   0.000000          0   0.000000   0.000000 
   408.000    174.857   0.000000          0   0.000000   0.000000 
  -408.000    233.143   0.000000          0   0.000000   0.000000 
  -349.714    233.143   0.000000          0   0.000000   0.000000 
  -291.429    233.143   0.000000          0   0.000000   0.000000 
  -233.143    233.143   0.000000          0   0.000000   0.000000 
  -174.857    233.143   0.033182        545   0.154627   0.077024 
  -116.571    233.143   0.039629       2866   0.151190   0.127072 
   -58.286    233.143   0.041257       6799   0.154669   0.068053 
     0.000    233.143   0.036409       8981   0.146429   0.031027 
    58.286    233.143   0.033196       9388   0.143411  -0.010932 
   116.571    233.143   0.034057       8793   0.134651  -0.070057 
   174.857    233.143   0.042411       4611   0.098185  -0.089677 
   233.143    233.143   0.035291        152   0.152685  -0.248055 
   291.429    233.143   0.000000          0   0.000000   0.000000 
   349.714    233.143   0.000000          0   0.000000   0.000000 
   408.000    233.143   0.000000          0   0.000000   0.000000 
  -408.000    291.429   0.000000          0   0.000000   0.000000 
  -349.714    291.429   0.000000          0   0.000000   0.000000 
  -291.429    291.429   0.000000          0   0.000000   0.000000 
  -233.143    291.429   0.000000          0   0.000000   0.000000 
  -174.857    291.429   0.000000          0   0.000000   0.000000 
  -116.571    291.429   0.002608          7   0.271772   0.388189 
   -58.286    291.429   0.027962        517   0.239607   0.078867 
     0.000    291.429   0.042347       1652   0.253633   0.030030 
    58.286    291.429   0.039286       2246   0.211668  -0.010390 
   116.571    291.429   0.038883       1318   0.141752  -0.039093 
   174.857    291.429   0.034271        187   0.229792  -0.124994 
   233.143    291.429   0.000000          0   0.000000   0.000000 
   291.429    291.429   0.000000          0   0.000000   0.000000 
   349.714    291.429   0.000000          0   0.000000   0.000000 
   408.000    291.429   0.000000          0   0.000000   0.000000 
  -408.000    349.714   0.000000          0   0.000000   0.000000 
  -349.714    349.714   0.000000          0   0.000000   0.000000 
  -291.429    349.714   0.000000          0   0.000000   0.000000 
  -233.143    349.714   0.000000          0   0.000000   0.000000 
  -174.857    349.714   0.000000          0   0.000000   0.000000 
  -116.571    349.714   0.000000          0   0.000000   0.000000 
   -58.286    349.714   0.000000          0   0.000000   0.000000 
     0.000    349.714   0.000000          0   0.000000   0.000000 
    58.286    349.714   0.000000          0   0.000000   0.000000 
   116.571    349.714   0.000000          0   0.000000   0.000000 
   174.857    349.714   0.000000          0   0.000000   0.000000 
   233.143    349.714   0.000000          0   0.000000   0.000000 
   291.429    349.714   0.000000          0   0.000000   0.000000 
   349.714    349.714   0.000000          0   0.000000   0.000000 
   408.000    349.714   0.000000          0   0.000000   0.000000 
  -408.000    408.000   0.000000          0   0.000000   0.000000 
  -349.714    408.000   0.000000          0   0.000000   0.000000 
  -291.429    408.000   0.000000          0   0.000000   0.000000 
  -233.143    408.000   0.000000          0   0.000000   0.000000 
  -174.857    408.000   0.000000          0   0.000000   0.000000 
  -116.571    408.000   0.000000          0   0.000000   0.000000 
   -58.286    408.000   0.000000          0   0.000000   0.000000 
     0.000    408.000   0.000000          0   0.000000   0.000000 
    58.286    408.000   0.000000          0   0.000000   0.000000 
   116.571    408.000   0.000000          0   0.000000   0.000000 
   174.857    408.000   0.000000          0   0.000000   0.000000 
   233.143    408.000   0.000000          0   0.000000   0.000000 
   291.429    408.000   0.000000          0   0.000000   0.000000 
   349.714    408.000   0.000000          0   0.000000   0.000000 
   408.000    408.000   0.000000          0   0.000000   0.000000 
