    X          Y          T         n          ux         uy    
  -408.000   -408.000   0.000000          0   0.000000   0.000000 
  -349.714   -408.000   0.000000          0   0.000000   0.000000 
  -291.429   -408.000   0.000000          0   0.000000   0.000000 
  -233.143   -408.000   0.000000          0   0.000000   0.000000 
  -174.857   -408.000   0.000000          0   0.000000   0.000000 
  -116.571   -408.000   0.000000          0   0.000000   0.000000 
   -58.286   -408.000   0.000000          0   0.000000   0.000000 
     0.000   -408.000   0.000000          0   0.000000   0.000000 
    58.286   -408.000   0.000000          0   0.000000   0.000000 
   116.571   -408.000   0.000000          0   0.000000   0.000000 
   174.857   -408.000   0.000000          0   0.000000   0.000000 
   233.143   -408.000   0.000000          0   0.000000   0.000000 
   291.429   -408.000   0.000000          0   0.000000   0.000000 
   349.714   -408.000   0.000000          0   0.000000   0.000000 
   408.000   -408.000   0.000000          0   0.000000   0.000000 
  -408.000   -349.714   0.000000          0   0.000000   0.000000 
  -349.714   -349.714   0.000000          0   0.000000   0.000000 
  -291.429   -349.714   0.000000          0   0.000000   0.000000 
  -233.143   -349.714   0.000000          0   0.000000   0.000000 
  -174.857   -349.714   0.000000          0   0.000000   0.000000 
  -116.571   -349.714   0.000000          0   0.000000   0.000000 
   -58.286   -349.714   0.000000          0   0.000000   0.000000 
     0.000   -349.714   0.000000          0   0.000000   0.000000 
    58.286   -349.714   0.000000          0   0.000000   0.000000 
   116.571   -349.714   0.000000          0   0.000000   0.000000 
   174.857   -349.714   0.000000          0   0.000000   0.000000 
   233.143   -349.714   0.000000          0   0.000000   0.000000 
   291.429   -349.714   0.000000          0   0.000000   0.000000 
   349.714   -349.714   0.000000          0   0.000000   0.000000 
   408.000   -349.714   0.000000          0   0.000000   0.000000 
  -408.000   -291.429   0.000000          0   0.000000   0.000000 
  -349.714   -291.429   0.000000          0   0.000000   0.000000 
  -291.429   -291.429   0.000000          0   0.000000   0.000000 
  -233.143   -291.429   0.000000          0   0.000000   0.000000 
  -174.857   -291.429   0.000000          0   0.000000   0.000000 
  -116.571   -291.429   0.000000          0   0.000000   0.000000 
   -58.286   -291.429   0.000000          0   0.000000   0.000000 
     0.000   -291.429   0.000000          0   0.000000   0.000000 
    58.286   -291.429   0.000000          0   0.000000   0.000000 
   116.571   -291.429   0.000000          0   0.000000   0.000000 
   174.857   -291.429   0.045230        146   0.119954   0.002446 
   233.143   -291.429   0.022539         43   0.034522   0.024030 
   291.429   -291.429   0.000000          0   0.000000   0.000000 
   349.714   -291.429   0.000000          0   0.000000   0.000000 
   408.000   -291.429   0.000000          0   0.000000   0.000000 
  -408.000   -233.143   0.000000          0   0.000000   0.000000 
  -349.714   -233.143   0.000000          0   0.000000   0.000000 
  -291.429   -233.143   0.000000          0   0.000000   0.000000 
  -233.143   -233.143   0.000000          0   0.000000   0.000000 
  -174.857   -233.143   0.000000          0   0.000000   0.000000 
  -116.571   -233.143   0.000000          0   0.000000   0.000000 
   -58.286   -233.143   0.000000          0   0.000000   0.000000 
     0.000   -233.143   0.000000          0   0.000000   0.000000 
    58.286   -233.143   0.000000          0   0.000000   0.000000 
   116.571   -233.143   0.000000          0   0.000000   0.000000 
   174.857   -233.143   0.071005        613   0.114102  -0.168836 
   233.143   -233.143   0.057064       1412   0.071853   0.048595 
   291.429   -233.143   0.042085        426   0.044637   0.080974 
   349.714   -233.143   0.000000          0   0.000000   0.000000 
   408.000   -233.143   0.000000          0   0.000000   0.000000 
  -408.000   -174.857   0.000000          0   0.000000   0.000000 
  -349.714   -174.857   0.000000          0   0.000000   0.000000 
  -291.429   -174.857   0.000000          0   0.000000   0.000000 
  -233.143   -174.857   0.000000          0   0.000000   0.000000 
  -174.857   -174.857   0.000000          0   0.000000   0.000000 
  -116.571   -174.857   0.000000          0   0.000000   0.000000 
   -58.286   -174.857   0.000000          0   0.000000   0.000000 
     0.000   -174.857   0.025157        482   0.058002  -0.041258 
    58.286   -174.857   0.014763        190   0.073791   0.106378 
   116.571   -174.857   0.050635        428   0.030273   0.001125 
   174.857   -174.857   0.056192       6226  -0.013515  -0.016669 
   233.143   -174.857   0.047177       3549  -0.027064   0.013092 
   291.429   -174.857   0.045316        517  -0.037600   0.067797 
   349.714   -174.857   0.000000          0   0.000000   0.000000 
   408.000   -174.857   0.000000          0   0.000000   0.000000 
  -408.000   -116.571   0.000000          0   0.000000   0.000000 
  -349.714   -116.571   0.000000          0   0.000000   0.000000 
  -291.429   -116.571   0.000000          0   0.000000   0.000000 
  -233.143   -116.571   0.000000          0   0.000000   0.000000 
  -174.857   -116.571   0.000000          0   0.000000   0.000000 
  -116.571   -116.571   0.000000          0   0.000000   0.000000 
   -58.286   -116.571   0.000000          0   0.000000   0.000000 
     0.000   -116.571   0.056785        971  -0.063934  -0.019785 
    58.286   -116.571   0.066829       3328  -0.029050   0.009859 
   116.571   -116.571   0.067213       4362  -0.044932   0.000210 
   174.857   -116.571   0.057881       2993  -0.035970  -0.022364 
   233.143   -116.571   0.017881        270  -0.029148   0.037270 
   291.429   -116.571   0.000000          0   0.000000   0.000000 
   349.714   -116.571   0.000000          0   0.000000   0.000000 
   408.000   -116.571   0.000000          0   0.000000   0.000000 
  -408.000    -58.286   0.000000          0   0.000000   0.000000 
  -349.714    -58.286   0.000000          0   0.000000   0.000000 
  -291.429    -58.286   0.000000          0   0.000000   0.000000 
  -233.143    -58.286   0.000000          0   0.000000   0.000000 
  -174.857    -58.286   0.000000          0   0.000000   0.000000 
  -116.571    -58.286   0.070179        271  -0.192133   0.058350 
   -58.286    -58.286   0.067013       1819  -0.075676   0.045495 
     0.000    -58.286   0.092642       2430  -0.063756  -0.006297 
    58.286    -58.286   0.080130       5457  -0.038510   0.015463 
   116.571    -58.286   0.077320       4777  -0.017932  -0.008535 
   174.857    -58.286   0.078287       1819   0.002783  -0.065769 
   233.143    -58.286   0.037001        583  -0.027201  -0.091896 
   291.429    -58.286   0.000000          0   0.000000   0.000000 
   349.714    -58.286   0.000000          0   0.000000   0.000000 
   408.000    -58.286   0.000000          0   0.000000   0.000000 
  -408.000      0.000   0.000000          0   0.000000   0.000000 
  -349.714      0.000   0.000000          0   0.000000   0.000000 
  -291.429      0.000   0.000000          0   0.000000   0.000000 
  -233.143      0.000   0.000000          0   0.000000   0.000000 
  -174.857      0.000   0.065356        312  -0.201344   0.038293 
  -116.571      0.000   0.111732       1190  -0.137023   0.055089 
   -58.286      0.000   0.081419       4386  -0.051992   0.081160 
     0.000      0.000   0.106685       4174  -0.110634  -0.001217 
    58.286      0.000   0.108930       4008  -0.035954  -0.014670 
   116.571      0.000   0.102532       4106  -0.032779  -0.029471 
   174.857      0.000   0.069864       6343  -0.019873  -0.034980 
   233.143      0.000   0.056223       1070  -0.032584  -0.073169 
   291.429      0.000   0.000000          0   0.000000   0.000000 
   349.714      0.000   0.000000          0   0.000000   0.000000 
   408.000      0.000   0.000000          0   0.000000   0.000000 
  -408.000     58.286   0.000000          0   0.000000   0.000000 
  -349.714     58.286   0.000000          0   0.000000   0.000000 
  -291.429     58.286   0.000000          0   0.000000   0.000000 
  -233.143     58.286   0.012760        111   0.000526   0.142573 
  -174.857     58.286   0.059219       1051  -0.051267   0.106702 
  -116.571     58.286   0.087914       1979  -0.074894   0.122120 
   -58.286     58.286   0.078532       4895  -0.078805   0.072534 
     0.000     58.286   0.091570       4712  -0.046424   0.008569 
    58.286     58.286   0.099321       7592  -0.046735  -0.039276 
   116.571     58.286   0.098161       5411   0.005496  -0.037238 
   174.857     58.286   0.093055       4015  -0.003720  -0.053831 
   233.143     58.286   0.078236       1143   0.026789  -0.089578 
   291.429     58.286   0.043074         67  -0.004681  -0.110603 
   349.714     58.286   0.000000          0   0.000000   0.000000 
   408.000     58.286   0.000000          0   0.000000   0.000000 
  -408.000    116.571   0.000000          0   0.000000   0.000000 
  -349.714    116.571   0.000000          0   0.000000   0.000000 
  -291.429    116.571   0.000000          0   0.000000   0.000000 
  -233.143    116.571   0.039670        529  -0.105641   0.104241 
  -174.857    116.571   0.070550       3444  -0.017198   0.107242 
  -116.571    116.571   0.068167       5228  -0.053754   0.043979 
   -58.286    116.571   0.086517       6162  -0.027023   0.040703 
     0.000    116.571   0.087932       7097  -0.003297  -0.003243 
    58.286    116.571   0.086451       5020  -0.021261  -0.033306 
   116.571    116.571   0.089084       7938  -0.020882  -0.039079 
   174.857    116.571   0.093441       5501   0.013293  -0.063941 
   233.143    116.571   0.078805        545   0.052276  -0.211737 
   291.429    116.571   0.000000          0   0.000000   0.000000 
   349.714    116.571   0.000000          0   0.000000   0.000000 
   408.000    116.571   0.000000          0   0.000000   0.000000 
  -408.000    174.857   0.000000          0   0.000000   0.000000 
  -349.714    174.857   0.000000          0   0.000000   0.000000 
  -291.429    174.857   0.000000          0   0.000000   0.000000 
  -233.143    174.857   0.061484       1650   0.002557   0.080247 
  -174.857    174.857   0.082269       5112  -0.009540   0.057744 
  -116.571    174.857   0.075157       3415   0.036538   0.069312 
   -58.286    174.857   0.077132       5636   0.044144   0.055721 
     0.000    174.857   0.106133       5489   0.026378  -0.017784 
    58.286    174.857   0.088991       6968   0.018378  -0.010042 
   116.571    174.857   0.088301       4337   0.018331  -0.085665 
   174.857    174.857   0.103709       3978   0.015043  -0.111385 
   233.143    174.857   0.078337       1756   0.002810  -0.022243 
   291.429    174.857   0.019162        198  -0.000120  -0.033987 
   349.714    174.857   0.000000          0   0.000000   0.000000 
   408.000    174.857   0.000000          0   0.000000   0.000000 
  -408.000    233.143   0.000000          0   0.000000   0.000000 
  -349.714    233.143   0.000000          0   0.000000   0.000000 
  -291.429    233.143   0.041566        385   0.000554   0.025170 
  -233.143    233.143   0.052151       2543   0.024896  -0.024270 
  -174.857    233.143   0.055111       4730   0.045911   0.045933 
  -116.571    233.143   0.079161       4651   0.116416   0.006223 
   -58.286    233.143   0.080143       6413   0.085404   0.053775 
     0.000    233.143   0.083150       5195   0.085874   0.038958 
    58.286    233.143   0.098177       6093   0.072782  -0.025611 
   116.571    233.143   0.090394       6840   0.022653  -0.031338 
   174.857    233.143   0.113628       4877   0.023173  -0.069294 
   233.143    233.143   0.083431       3720  -0.000352  -0.004206 
   291.429    233.143   0.039482         77  -0.155508  -0.215459 
   349.714    233.143   0.000000          0   0.000000   0.000000 
   408.000    233.143   0.000000          0   0.000000   0.000000 
  -408.000    291.429   0.000000          0   0.000000   0.000000 
  -349.714    291.429   0.000000          0   0.000000   0.000000 
  -291.429    291.429   0.000000          0   0.000000   0.000000 
  -233.143    291.429   0.047803         93  -0.086755  -0.006448 
  -174.857    291.429   0.052351         28  -0.030257  -0.133537 
  -116.571    291.429   0.064409        990  -0.057987   0.003379 
   -58.286    291.429   0.062742       1692   0.073495   0.063175 
     0.000    291.429   0.078857       4242   0.085111  -0.001509 
    58.286    291.429   0.111460       4728   0.083758   0.021841 
   116.571    291.429   0.104607       4395   0.093591   0.006014 
   174.857    291.429   0.095258       4259   0.009560  -0.049784 
   233.143    291.429   0.085824       2766   0.010936   0.002783 
   291.429    291.429   0.087543         71   0.166065  -0.110757 
   349.714    291.429   0.000000          0   0.000000   0.000000 
   408.000    291.429   0.000000          0   0.000000   0.000000 
  -408.000    349.714   0.000000          0   0.000000   0.000000 
  -349.714    349.714   0.000000          0   0.000000   0.000000 
  -291.429    349.714   0.000000          0   0.000000   0.000000 
  -233.143    349.714   0.000000          0   0.000000   0.000000 
  -174.857    349.714   0.000000          0   0.000000   0.000000 
  -116.571    349.714   0.000000          0   0.000000   0.000000 
   -58.286    349.714   0.000000          0   0.000000   0.000000 
     0.000    349.714   0.000000          0   0.000000   0.000000 
    58.286    349.714   0.370816        194  -0.074444  -0.002759 
   116.571    349.714   0.043900        530   0.051158  -0.001838 
   174.857    349.714   0.051227        594   0.056287   0.000219 
   233.143    349.714   0.037730          4  -0.096244  -0.257945 
   291.429    349.714   0.000000          0   0.000000   0.000000 
   349.714    349.714   0.000000          0   0.000000   0.000000 
   408.000    349.714   0.000000          0   0.000000   0.000000 
  -408.000    408.000   0.000000          0   0.000000   0.000000 
  -349.714    408.000   0.000000          0   0.000000   0.000000 
  -291.429    408.000   0.000000          0   0.000000   0.000000 
  -233.143    408.000   0.000000          0   0.000000   0.000000 
  -174.857    408.000   0.000000          0   0.000000   0.000000 
  -116.571    408.000   0.000000          0   0.000000   0.000000 
   -58.286    408.000   0.000000          0   0.000000   0.000000 
     0.000    408.000   0.000000          0   0.000000   0.000000 
    58.286    408.000   0.000000          0   0.000000   0.000000 
   116.571    408.000   0.000000          0   0.000000   0.000000 
   174.857    408.000   0.000000          0   0.000000   0.000000 
   233.143    408.000   0.000000          0   0.000000   0.000000 
   291.429    408.000   0.000000          0   0.000000   0.000000 
   349.714    408.000   0.000000          0   0.000000   0.000000 
   408.000    408.000   0.000000          0   0.000000   0.000000 
