    X          Y          T         n          ux         uy    
  -408.000   -408.000   0.000000          0   0.000000   0.000000 
  -349.714   -408.000   0.000000          0   0.000000   0.000000 
  -291.429   -408.000   0.000000          0   0.000000   0.000000 
  -233.143   -408.000   0.000000          0   0.000000   0.000000 
  -174.857   -408.000   0.000000          0   0.000000   0.000000 
  -116.571   -408.000   0.000000          0   0.000000   0.000000 
   -58.286   -408.000   0.000000          0   0.000000   0.000000 
     0.000   -408.000   0.000000          0   0.000000   0.000000 
    58.286   -408.000   0.000000          0   0.000000   0.000000 
   116.571   -408.000   0.000000          0   0.000000   0.000000 
   174.857   -408.000   0.000000          0   0.000000   0.000000 
   233.143   -408.000   0.000000          0   0.000000   0.000000 
   291.429   -408.000   0.000000          0   0.000000   0.000000 
   349.714   -408.000   0.000000          0   0.000000   0.000000 
   408.000   -408.000   0.000000          0   0.000000   0.000000 
  -408.000   -349.714   0.000000          0   0.000000   0.000000 
  -349.714   -349.714   0.000000          0   0.000000   0.000000 
  -291.429   -349.714   0.000000          0   0.000000   0.000000 
  -233.143   -349.714   0.000000          0   0.000000   0.000000 
  -174.857   -349.714   0.000000          0   0.000000   0.000000 
  -116.571   -349.714   0.159868        209   0.147548   0.015647 
   -58.286   -349.714   0.053474         36  -0.192051  -0.074839 
     0.000   -349.714   0.000000          0   0.000000   0.000000 
    58.286   -349.714   0.013614         17   0.374362  -0.552353 
   116.571   -349.714   0.137420        203   0.204434   0.047195 
   174.857   -349.714   0.109819        223   0.048020   0.002731 
   233.143   -349.714   0.000000          0   0.000000   0.000000 
   291.429   -349.714   0.000000          0   0.000000   0.000000 
   349.714   -349.714   0.000000          0   0.000000   0.000000 
   408.000   -349.714   0.000000          0   0.000000   0.000000 
  -408.000   -291.429   0.000000          0   0.000000   0.000000 
  -349.714   -291.429   0.000000          0   0.000000   0.000000 
  -291.429   -291.429   0.000000          0   0.000000   0.000000 
  -233.143   -291.429   0.099479        102   0.262256  -0.306798 
  -174.857   -291.429   0.060349        158   0.345427   0.055523 
  -116.571   -291.429   0.199684        402   0.137629   0.052051 
   -58.286   -291.429   0.153703        965   0.006862   0.023212 
     0.000   -291.429   0.134766        245  -0.065331  -0.071792 
    58.286   -291.429   0.067101       2680   0.000507  -0.011474 
   116.571   -291.429   0.097518       1607  -0.056539   0.016971 
   174.857   -291.429   0.112031       2519   0.043838  -0.031138 
   233.143   -291.429   0.084727       8056   0.017747   0.010080 
   291.429   -291.429   0.060394        791   0.016999   0.016434 
   349.714   -291.429   0.000000          0   0.000000   0.000000 
   408.000   -291.429   0.000000          0   0.000000   0.000000 
  -408.000   -233.143   0.000000          0   0.000000   0.000000 
  -349.714   -233.143   0.000000          0   0.000000   0.000000 
  -291.429   -233.143   0.081314         94   0.320057  -0.213692 
  -233.143   -233.143   0.110548        598   0.119013  -0.183699 
  -174.857   -233.143   0.090321        718   0.175044   0.045184 
  -116.571   -233.143   0.182429        892   0.087835  -0.025132 
   -58.286   -233.143   0.133748       2013   0.055807   0.049518 
     0.000   -233.143   0.131395       3718  -0.020077   0.004800 
    58.286   -233.143   0.082132       4782  -0.012899   0.000776 
   116.571   -233.143   0.088514       6581   0.035750  -0.027032 
   174.857   -233.143   0.097435       6122   0.022691  -0.006629 
   233.143   -233.143   0.097348       5968   0.002222   0.000975 
   291.429   -233.143   0.092915       5181   0.029339   0.040748 
   349.714   -233.143   0.089955        160   0.055166   0.020624 
   408.000   -233.143   0.000000          0   0.000000   0.000000 
  -408.000   -174.857   0.000000          0   0.000000   0.000000 
  -349.714   -174.857   0.000000          0   0.000000   0.000000 
  -291.429   -174.857   0.179449        459  -0.039340  -0.156369 
  -233.143   -174.857   0.208065        695   0.037944  -0.062894 
  -174.857   -174.857   0.158394       2015   0.003868  -0.010503 
  -116.571   -174.857   0.178229       1976  -0.061253   0.045192 
   -58.286   -174.857   0.136655       3428  -0.075606   0.071678 
     0.000   -174.857   0.118824       6537  -0.010490  -0.019545 
    58.286   -174.857   0.139755       4445  -0.008014  -0.006766 
   116.571   -174.857   0.131158       6465   0.006710  -0.040392 
   174.857   -174.857   0.158270       4156  -0.006992   0.041892 
   233.143   -174.857   0.122577       3872   0.023333  -0.037140 
   291.429   -174.857   0.094410       8249   0.015031   0.012435 
   349.714   -174.857   0.111118       3533   0.012217   0.024395 
   408.000   -174.857   0.000000          0   0.000000   0.000000 
  -408.000   -116.571   0.000000          0   0.000000   0.000000 
  -349.714   -116.571   0.000000          0   0.000000   0.000000 
  -291.429   -116.571   0.153521        371  -0.032170  -0.167011 
  -233.143   -116.571   0.138697       2644  -0.024735  -0.032531 
  -174.857   -116.571   0.181292       2843  -0.024239  -0.007866 
  -116.571   -116.571   0.170892       4199  -0.008469   0.038067 
   -58.286   -116.571   0.184797       4433   0.015930   0.029490 
     0.000   -116.571   0.178124       4315   0.012398   0.018834 
    58.286   -116.571   0.171691       5172  -0.003451  -0.030368 
   116.571   -116.571   0.134370       6749  -0.026018  -0.026505 
   174.857   -116.571   0.121000       6656  -0.017872  -0.015344 
   233.143   -116.571   0.140311       7135   0.028049  -0.021511 
   291.429   -116.571   0.151073       3524   0.026691   0.038506 
   349.714   -116.571   0.140600       2745   0.004872   0.059813 
   408.000   -116.571   0.000000          0   0.000000   0.000000 
  -408.000    -58.286   0.000000          0   0.000000   0.000000 
  -349.714    -58.286   0.000000          0   0.000000   0.000000 
  -291.429    -58.286   0.108524       1335   0.072810  -0.061871 
  -233.143    -58.286   0.157896       2611   0.020243  -0.045630 
  -174.857    -58.286   0.193151       2470   0.039003  -0.015234 
  -116.571    -58.286   0.156316       4305  -0.013417   0.072330 
   -58.286    -58.286   0.175066       5570  -0.002578  -0.004997 
     0.000    -58.286   0.192999       4121   0.031799  -0.011614 
    58.286    -58.286   0.167906       8050   0.034078   0.003554 
   116.571    -58.286   0.138658       6371   0.007304  -0.011100 
   174.857    -58.286   0.146851       6668   0.026116  -0.027052 
   233.143    -58.286   0.176404       4228   0.001954  -0.053331 
   291.429    -58.286   0.165690       3415  -0.012289   0.070468 
   349.714    -58.286   0.093986       1824   0.008050   0.098745 
   408.000    -58.286   0.000000          0   0.000000   0.000000 
  -408.000      0.000   0.000000          0   0.000000   0.000000 
  -349.714      0.000   0.097005        241   0.246693  -0.396148 
  -291.429      0.000   0.133115       1705   0.026699  -0.058232 
  -233.143      0.000   0.146950       4126   0.022922  -0.058813 
  -174.857      0.000   0.135914       6379   0.017427   0.035525 
  -116.571      0.000   0.199715       4447   0.004516   0.015556 
   -58.286      0.000   0.157208       8769   0.010553   0.011414 
     0.000      0.000   0.198607       5143  -0.003643  -0.029861 
    58.286      0.000   0.171721       8227  -0.010347   0.014435 
   116.571      0.000   0.163365       6364  -0.003253  -0.006093 
   174.857      0.000   0.165315       5347  -0.031173  -0.024216 
   233.143      0.000   0.176927       5872  -0.043977  -0.017709 
   291.429      0.000   0.151661       5688  -0.001218   0.037057 
   349.714      0.000   0.081303       1812  -0.031608   0.037229 
   408.000      0.000   0.000000          0   0.000000   0.000000 
  -408.000     58.286   0.000000          0   0.000000   0.000000 
  -349.714     58.286   0.150627        636  -0.071042  -0.203280 
  -291.429     58.286   0.145829       3195   0.007206   0.005236 
  -233.143     58.286   0.161516       6887   0.007043  -0.033370 
  -174.857     58.286   0.210849       5096  -0.028917   0.036897 
  -116.571     58.286   0.182712       5853  -0.011050   0.039410 
   -58.286     58.286   0.166163       5110  -0.033551  -0.012029 
     0.000     58.286   0.177540       8742  -0.033613   0.012025 
    58.286     58.286   0.194326       5010  -0.041074  -0.008075 
   116.571     58.286   0.175685       7433  -0.023219  -0.004202 
   174.857     58.286   0.162637       5937   0.000110  -0.028642 
   233.143     58.286   0.164244       5842   0.022506   0.004615 
   291.429     58.286   0.155808       4213  -0.028797   0.011295 
   349.714     58.286   0.137425       2477   0.020409   0.024113 
   408.000     58.286   0.089105        130   0.010684  -0.092854 
  -408.000    116.571   0.000000          0   0.000000   0.000000 
  -349.714    116.571   0.121082       1176  -0.010158  -0.028359 
  -291.429    116.571   0.145010       4846   0.004160  -0.053296 
  -233.143    116.571   0.194782       4630  -0.013527  -0.004036 
  -174.857    116.571   0.232061       3969   0.013577  -0.006651 
  -116.571    116.571   0.172251       9196   0.008054   0.031976 
   -58.286    116.571   0.172208       5860  -0.046834   0.049707 
     0.000    116.571   0.192028       7564  -0.016637   0.017260 
    58.286    116.571   0.188747       6250  -0.032950   0.012048 
   116.571    116.571   0.144645       7492  -0.016030  -0.028006 
   174.857    116.571   0.187954       5634  -0.008864  -0.068307 
   233.143    116.571   0.149760       6302  -0.035265   0.012112 
   291.429    116.571   0.138082       5824  -0.010115   0.021353 
   349.714    116.571   0.108905       1755  -0.027427  -0.021845 
   408.000    116.571   0.000000          0   0.000000   0.000000 
  -408.000    174.857   0.000000          0   0.000000   0.000000 
  -349.714    174.857   0.100849        444   0.007124  -0.074468 
  -291.429    174.857   0.149115       5195  -0.007710  -0.061576 
  -233.143    174.857   0.168237       5628   0.032152  -0.019557 
  -174.857    174.857   0.200157       5314  -0.011411   0.035668 
  -116.571    174.857   0.196340       6279  -0.009899   0.060385 
   -58.286    174.857   0.156083       6298   0.007733   0.023415 
     0.000    174.857   0.188478       7395   0.006382   0.004891 
    58.286    174.857   0.177141       7737   0.002295  -0.009101 
   116.571    174.857   0.141323       7277   0.012812  -0.000153 
   174.857    174.857   0.163068       7009   0.020693  -0.029323 
   233.143    174.857   0.157488       3946  -0.000452  -0.022558 
   291.429    174.857   0.146187       4474   0.013732  -0.023385 
   349.714    174.857   0.110778       1345   0.030622   0.104063 
   408.000    174.857   0.000000          0   0.000000   0.000000 
  -408.000    233.143   0.000000          0   0.000000   0.000000 
  -349.714    233.143   0.000000          0   0.000000   0.000000 
  -291.429    233.143   0.197733       1729  -0.106702  -0.124027 
  -233.143    233.143   0.165621       8115  -0.046958  -0.023324 
  -174.857    233.143   0.165814       5591  -0.013860   0.044001 
  -116.571    233.143   0.155725       6535   0.010133   0.030183 
   -58.286    233.143   0.194123       5450   0.050276   0.021667 
     0.000    233.143   0.192269       6698   0.021570   0.028602 
    58.286    233.143   0.156537       8401  -0.006209  -0.007559 
   116.571    233.143   0.176800       6605  -0.006464  -0.015029 
   174.857    233.143   0.149423       4804  -0.014553  -0.056904 
   233.143    233.143   0.135564       6561   0.018818   0.017100 
   291.429    233.143   0.154162       3490  -0.025836   0.008872 
   349.714    233.143   0.100179         65  -0.193706   0.251000 
   408.000    233.143   0.000000          0   0.000000   0.000000 
  -408.000    291.429   0.000000          0   0.000000   0.000000 
  -349.714    291.429   0.000000          0   0.000000   0.000000 
  -291.429    291.429   0.000000          0   0.000000   0.000000 
  -233.143    291.429   0.142135       4794  -0.023751  -0.037106 
  -174.857    291.429   0.162464       5111  -0.047183  -0.001373 
  -116.571    291.429   0.159213       7767   0.010098  -0.012247 
   -58.286    291.429   0.185910       6182   0.034316   0.043591 
     0.000    291.429   0.165247       6710   0.039780   0.044834 
    58.286    291.429   0.155860       6206   0.033487   0.008731 
   116.571    291.429   0.159218       6833   0.020949  -0.026861 
   174.857    291.429   0.130812       8405   0.000452  -0.021581 
   233.143    291.429   0.149835       5936  -0.026395   0.017358 
   291.429    291.429   0.091012        375  -0.115530   0.043142 
   349.714    291.429   0.000000          0   0.000000   0.000000 
   408.000    291.429   0.000000          0   0.000000   0.000000 
  -408.000    349.714   0.000000          0   0.000000   0.000000 
  -349.714    349.714   0.000000          0   0.000000   0.000000 
  -291.429    349.714   0.000000          0   0.000000   0.000000 
  -233.143    349.714   0.000000          0   0.000000   0.000000 
  -174.857    349.714   0.118456        884  -0.025887  -0.008707 
  -116.571    349.714   0.170449       2142  -0.092826  -0.079729 
   -58.286    349.714   0.146997       4327  -0.054842   0.009457 
     0.000    349.714   0.149609       7878  -0.012175   0.018379 
    58.286    349.714   0.159093       7206   0.024416   0.001458 
   116.571    349.714   0.150073       4456   0.018692   0.022473 
   174.857    349.714   0.115285       3067   0.005901  -0.025052 
   233.143    349.714   0.171498          8   0.014115  -0.040066 
   291.429    349.714   0.000000          0   0.000000   0.000000 
   349.714    349.714   0.000000          0   0.000000   0.000000 
   408.000    349.714   0.000000          0   0.000000   0.000000 
  -408.000    408.000   0.000000          0   0.000000   0.000000 
  -349.714    408.000   0.000000          0   0.000000   0.000000 
  -291.429    408.000   0.000000          0   0.000000   0.000000 
  -233.143    408.000   0.000000          0   0.000000   0.000000 
  -174.857    408.000   0.000000          0   0.000000   0.000000 
  -116.571    408.000   0.000000          0   0.000000   0.000000 
   -58.286    408.000   0.000000          0   0.000000   0.000000 
     0.000    408.000   0.000000          0   0.000000   0.000000 
    58.286    408.000   0.000000          0   0.000000   0.000000 
   116.571    408.000   0.000000          0   0.000000   0.000000 
   174.857    408.000   0.000000          0   0.000000   0.000000 
   233.143    408.000   0.000000          0   0.000000   0.000000 
   291.429    408.000   0.000000          0   0.000000   0.000000 
   349.714    408.000   0.000000          0   0.000000   0.000000 
   408.000    408.000   0.000000          0   0.000000   0.000000 
