    X          Y          T         n          ux         uy    
  -408.000   -408.000   0.000000          0   0.000000   0.000000 
  -349.714   -408.000   0.000000          0   0.000000   0.000000 
  -291.429   -408.000   0.000000          0   0.000000   0.000000 
  -233.143   -408.000   0.000000          0   0.000000   0.000000 
  -174.857   -408.000   0.000000          0   0.000000   0.000000 
  -116.571   -408.000   0.000000          0   0.000000   0.000000 
   -58.286   -408.000   0.000000          0   0.000000   0.000000 
     0.000   -408.000   0.000000          0   0.000000   0.000000 
    58.286   -408.000   0.000000          0   0.000000   0.000000 
   116.571   -408.000   0.000000          0   0.000000   0.000000 
   174.857   -408.000   0.000000          0   0.000000   0.000000 
   233.143   -408.000   0.000000          0   0.000000   0.000000 
   291.429   -408.000   0.000000          0   0.000000   0.000000 
   349.714   -408.000   0.000000          0   0.000000   0.000000 
   408.000   -408.000   0.000000          0   0.000000   0.000000 
  -408.000   -349.714   0.000000          0   0.000000   0.000000 
  -349.714   -349.714   0.000000          0   0.000000   0.000000 
  -291.429   -349.714   0.000000          0   0.000000   0.000000 
  -233.143   -349.714   0.000000          0   0.000000   0.000000 
  -174.857   -349.714   0.192052       2723   0.032353  -0.001855 
  -116.571   -349.714   0.148953       7366   0.001329  -0.016709 
   -58.286   -349.714   0.170801       6463  -0.010708   0.013739 
     0.000   -349.714   0.201888       8034  -0.003147  -0.009138 
    58.286   -349.714   0.175623       7305  -0.021578   0.033892 
   116.571   -349.714   0.130705      11971  -0.006460  -0.018988 
   174.857   -349.714   0.111042       6162   0.024347   0.012099 
   233.143   -349.714   0.049529         13   0.070070   0.152901 
   291.429   -349.714   0.000000          0   0.000000   0.000000 
   349.714   -349.714   0.000000          0   0.000000   0.000000 
   408.000   -349.714   0.000000          0   0.000000   0.000000 
  -408.000   -291.429   0.000000          0   0.000000   0.000000 
  -349.714   -291.429   0.000000          0   0.000000   0.000000 
  -291.429   -291.429   0.208021         53   0.007796   0.023456 
  -233.143   -291.429   0.148592       7328   0.000724  -0.013077 
  -174.857   -291.429   0.164784       9469  -0.026918   0.017419 
  -116.571   -291.429   0.163380       7089  -0.050367   0.012565 
   -58.286   -291.429   0.160295       7220  -0.053777   0.001887 
     0.000   -291.429   0.152609       9538  -0.062169   0.011021 
    58.286   -291.429   0.147731       9462  -0.040313  -0.005426 
   116.571   -291.429   0.169039       5795  -0.007488  -0.042996 
   174.857   -291.429   0.147310       6408  -0.022647  -0.017921 
   233.143   -291.429   0.115807      15806   0.002927   0.005176 
   291.429   -291.429   0.113509       1072   0.025511   0.022849 
   349.714   -291.429   0.000000          0   0.000000   0.000000 
   408.000   -291.429   0.000000          0   0.000000   0.000000 
  -408.000   -233.143   0.000000          0   0.000000   0.000000 
  -349.714   -233.143   0.000000          0   0.000000   0.000000 
  -291.429   -233.143   0.138134       9445  -0.003051  -0.005771 
  -233.143   -233.143   0.150751       7514  -0.016115   0.019647 
  -174.857   -233.143   0.144958       6570  -0.046462   0.063044 
  -116.571   -233.143   0.142509      10170  -0.056552   0.014220 
   -58.286   -233.143   0.136821       6552  -0.089081   0.003032 
     0.000   -233.143   0.143837       7712  -0.054403   0.006987 
    58.286   -233.143   0.139678       5844  -0.046281  -0.039875 
   116.571   -233.143   0.135294       9034  -0.055869  -0.028863 
   174.857   -233.143   0.141892      12521  -0.033813  -0.021856 
   233.143   -233.143   0.138860       5016  -0.011886  -0.019338 
   291.429   -233.143   0.118367      15661   0.003459   0.010257 
   349.714   -233.143   0.000000          0   0.000000   0.000000 
   408.000   -233.143   0.000000          0   0.000000   0.000000 
  -408.000   -174.857   0.000000          0   0.000000   0.000000 
  -349.714   -174.857   0.126567       2718   0.002555   0.021904 
  -291.429   -174.857   0.142180       9484  -0.014540   0.008962 
  -233.143   -174.857   0.151832       7610  -0.036515   0.053795 
  -174.857   -174.857   0.118255       8571  -0.076980   0.052623 
  -116.571   -174.857   0.106984       9279  -0.080646   0.040148 
   -58.286   -174.857   0.100122       9903  -0.093182   0.019836 
     0.000   -174.857   0.096824       9605  -0.096879  -0.005250 
    58.286   -174.857   0.104133      12387  -0.091705  -0.023810 
   116.571   -174.857   0.106466      12433  -0.070633  -0.051388 
   174.857   -174.857   0.140405       6388  -0.042009  -0.041710 
   233.143   -174.857   0.147860      10901  -0.028913  -0.036789 
   291.429   -174.857   0.133606       7397   0.006301  -0.005789 
   349.714   -174.857   0.140359       5786   0.011975   0.021506 
   408.000   -174.857   0.000000          0   0.000000   0.000000 
  -408.000   -116.571   0.000000          0   0.000000   0.000000 
  -349.714   -116.571   0.155861       5269  -0.003642   0.023423 
  -291.429   -116.571   0.138858       6671  -0.026640   0.043383 
  -233.143   -116.571   0.122135      10797  -0.058049   0.075631 
  -174.857   -116.571   0.103811       7672  -0.069107   0.070598 
  -116.571   -116.571   0.094881      10924  -0.069553   0.050220 
   -58.286   -116.571   0.065089      12516  -0.067692   0.010424 
     0.000   -116.571   0.061398      12473  -0.077238   0.000467 
    58.286   -116.571   0.064656      11756  -0.063677  -0.027171 
   116.571   -116.571   0.099058       8639  -0.065020  -0.086939 
   174.857   -116.571   0.123987       9138  -0.070773  -0.058188 
   233.143   -116.571   0.156820       9652  -0.020926  -0.075317 
   291.429   -116.571   0.169767       6766  -0.012622  -0.027218 
   349.714   -116.571   0.173698      10380   0.009140   0.015713 
   408.000   -116.571   0.000000          0   0.000000   0.000000 
  -408.000    -58.286   0.000000          0   0.000000   0.000000 
  -349.714    -58.286   0.157469       6718  -0.011722   0.060481 
  -291.429    -58.286   0.141695       6518  -0.049663   0.051363 
  -233.143    -58.286   0.126914       8841  -0.042147   0.087140 
  -174.857    -58.286   0.108277      10798  -0.036172   0.075280 
  -116.571    -58.286   0.055494      10795  -0.037943   0.047894 
   -58.286    -58.286   0.048081      11884  -0.041356   0.017133 
     0.000    -58.286   0.036647      12737  -0.032268   0.000667 
    58.286    -58.286   0.050101       9467  -0.046740  -0.034362 
   116.571    -58.286   0.064387      12771  -0.054032  -0.064491 
   174.857    -58.286   0.093477       9900  -0.049003  -0.066963 
   233.143    -58.286   0.129257      10361  -0.034956  -0.078163 
   291.429    -58.286   0.153246       8649  -0.036858  -0.045127 
   349.714    -58.286   0.162875       9319  -0.025250  -0.004936 
   408.000    -58.286   0.000000          0   0.000000   0.000000 
  -408.000      0.000   0.000000          0   0.000000   0.000000 
  -349.714      0.000   0.126701       9620  -0.005477   0.045979 
  -291.429      0.000   0.132558       8849  -0.000015   0.076697 
  -233.143      0.000   0.124691       8731  -0.013337   0.071275 
  -174.857      0.000   0.097143      12795  -0.018421   0.077667 
  -116.571      0.000   0.050859      12297  -0.009815   0.039747 
   -58.286      0.000   0.032803       8147  -0.024988   0.030592 
     0.000      0.000   0.039249      10153  -0.020970   0.000935 
    58.286      0.000   0.035374      16649  -0.018690  -0.026372 
   116.571      0.000   0.051407      10709  -0.019010  -0.056525 
   174.857      0.000   0.086817       9666  -0.026794  -0.088570 
   233.143      0.000   0.110074      10859  -0.033450  -0.082015 
   291.429      0.000   0.144214       7531  -0.023137  -0.065154 
   349.714      0.000   0.161472      10335  -0.003690  -0.015986 
   408.000      0.000   0.000000          0   0.000000   0.000000 
  -408.000     58.286   0.000000          0   0.000000   0.000000 
  -349.714     58.286   0.134592       9015   0.002542   0.048466 
  -291.429     58.286   0.129208       5844  -0.000208   0.114123 
  -233.143     58.286   0.120824       7899   0.003343   0.085731 
  -174.857     58.286   0.089200      12414   0.015573   0.078222 
  -116.571     58.286   0.050718      11399   0.006908   0.047550 
   -58.286     58.286   0.036723       8408   0.012209   0.024919 
     0.000     58.286   0.026100      16800   0.002159   0.002445 
    58.286     58.286   0.032517      15512   0.008741  -0.026814 
   116.571     58.286   0.051964       9720   0.005273  -0.067065 
   174.857     58.286   0.081967       9871   0.006290  -0.082029 
   233.143     58.286   0.120873      11617   0.015265  -0.088087 
   291.429     58.286   0.139110       6227   0.007508  -0.062988 
   349.714     58.286   0.134552       9990  -0.000984  -0.021894 
   408.000     58.286   0.000000          0   0.000000   0.000000 
  -408.000    116.571   0.000000          0   0.000000   0.000000 
  -349.714    116.571   0.114823       9860   0.001522   0.040723 
  -291.429    116.571   0.118091       6672   0.020965   0.049511 
  -233.143    116.571   0.120680      11904   0.028113   0.077645 
  -174.857    116.571   0.088734       9714   0.036340   0.071335 
  -116.571    116.571   0.062013      10455   0.035647   0.061608 
   -58.286    116.571   0.038785      14122   0.029140   0.019557 
     0.000    116.571   0.032796      13535   0.033363   0.000616 
    58.286    116.571   0.035489      11710   0.030675  -0.026263 
   116.571    116.571   0.059196      14732   0.034728  -0.053362 
   174.857    116.571   0.089106       9448   0.024514  -0.076256 
   233.143    116.571   0.119588      11624   0.019389  -0.080793 
   291.429    116.571   0.129785       6729   0.026571  -0.058816 
   349.714    116.571   0.137403       8003   0.011534  -0.014980 
   408.000    116.571   0.000000          0   0.000000   0.000000 
  -408.000    174.857   0.000000          0   0.000000   0.000000 
  -349.714    174.857   0.122258       4524   0.027893   0.027243 
  -291.429    174.857   0.112583       8112   0.030100   0.064997 
  -233.143    174.857   0.122444       7800   0.051019   0.079739 
  -174.857    174.857   0.108204       9697   0.027946   0.069300 
  -116.571    174.857   0.071880      12281   0.051621   0.042743 
   -58.286    174.857   0.061005      10890   0.068160   0.024320 
     0.000    174.857   0.064303      11196   0.063157   0.003012 
    58.286    174.857   0.066858      12980   0.062920  -0.032767 
   116.571    174.857   0.074598       8819   0.053476  -0.051874 
   174.857    174.857   0.115514      10612   0.048022  -0.069684 
   233.143    174.857   0.129697       8049   0.034658  -0.077305 
   291.429    174.857   0.129519       9254  -0.010642  -0.052877 
   349.714    174.857   0.111487       5008  -0.007543   0.005783 
   408.000    174.857   0.000000          0   0.000000   0.000000 
  -408.000    233.143   0.000000          0   0.000000   0.000000 
  -349.714    233.143   0.000000          0   0.000000   0.000000 
  -291.429    233.143   0.113039      13036   0.021325   0.030077 
  -233.143    233.143   0.091936       6311   0.056066   0.059716 
  -174.857    233.143   0.102017       9786   0.075653   0.058082 
  -116.571    233.143   0.106787      12023   0.062242   0.034873 
   -58.286    233.143   0.084200       8458   0.078696   0.023370 
     0.000    233.143   0.084101       8995   0.081250  -0.006125 
    58.286    233.143   0.086713       8305   0.088571  -0.022497 
   116.571    233.143   0.118109      13369   0.071388  -0.044222 
   174.857    233.143   0.121951       9221   0.064012  -0.047089 
   233.143    233.143   0.129196       6644   0.033663  -0.049811 
   291.429    233.143   0.124759      11367   0.021266  -0.024866 
   349.714    233.143   0.000000          0   0.000000   0.000000 
   408.000    233.143   0.000000          0   0.000000   0.000000 
  -408.000    291.429   0.000000          0   0.000000   0.000000 
  -349.714    291.429   0.000000          0   0.000000   0.000000 
  -291.429    291.429   0.000000          0   0.000000   0.000000 
  -233.143    291.429   0.106892      10456   0.041169   0.024396 
  -174.857    291.429   0.115791      10098   0.066481   0.051478 
  -116.571    291.429   0.118197       6367   0.089635   0.024666 
   -58.286    291.429   0.123675       8967   0.096168   0.015813 
     0.000    291.429   0.119761      11363   0.071202  -0.004695 
    58.286    291.429   0.142002       8225   0.083601  -0.023128 
   116.571    291.429   0.139330       6355   0.051167  -0.021351 
   174.857    291.429   0.146510       9507   0.040349  -0.034671 
   233.143    291.429   0.140855      12656   0.028382  -0.025788 
   291.429    291.429   0.140727        259   0.003284  -0.015024 
   349.714    291.429   0.000000          0   0.000000   0.000000 
   408.000    291.429   0.000000          0   0.000000   0.000000 
  -408.000    349.714   0.000000          0   0.000000   0.000000 
  -349.714    349.714   0.000000          0   0.000000   0.000000 
  -291.429    349.714   0.000000          0   0.000000   0.000000 
  -233.143    349.714   0.000000          0   0.000000   0.000000 
  -174.857    349.714   0.133647       3012   0.033733   0.028172 
  -116.571    349.714   0.115302       9803   0.058047   0.016400 
   -58.286    349.714   0.125109      11873   0.056340   0.018645 
     0.000    349.714   0.124400      10304   0.077566  -0.016752 
    58.286    349.714   0.143845      12465   0.052984  -0.005216 
   116.571    349.714   0.136472       9843   0.055524  -0.010584 
   174.857    349.714   0.142940       6801   0.035622  -0.020480 
   233.143    349.714   0.000000          0   0.000000   0.000000 
   291.429    349.714   0.000000          0   0.000000   0.000000 
   349.714    349.714   0.000000          0   0.000000   0.000000 
   408.000    349.714   0.000000          0   0.000000   0.000000 
  -408.000    408.000   0.000000          0   0.000000   0.000000 
  -349.714    408.000   0.000000          0   0.000000   0.000000 
  -291.429    408.000   0.000000          0   0.000000   0.000000 
  -233.143    408.000   0.000000          0   0.000000   0.000000 
  -174.857    408.000   0.000000          0   0.000000   0.000000 
  -116.571    408.000   0.000000          0   0.000000   0.000000 
   -58.286    408.000   0.000000          0   0.000000   0.000000 
     0.000    408.000   0.000000          0   0.000000   0.000000 
    58.286    408.000   0.000000          0   0.000000   0.000000 
   116.571    408.000   0.000000          0   0.000000   0.000000 
   174.857    408.000   0.000000          0   0.000000   0.000000 
   233.143    408.000   0.000000          0   0.000000   0.000000 
   291.429    408.000   0.000000          0   0.000000   0.000000 
   349.714    408.000   0.000000          0   0.000000   0.000000 
   408.000    408.000   0.000000          0   0.000000   0.000000 
