    X          Y          T         n          ux         uy    
  -408.000   -408.000   0.000000          0   0.000000   0.000000 
  -349.714   -408.000   0.000000          0   0.000000   0.000000 
  -291.429   -408.000   0.000000          0   0.000000   0.000000 
  -233.143   -408.000   0.000000          0   0.000000   0.000000 
  -174.857   -408.000   0.000000          0   0.000000   0.000000 
  -116.571   -408.000   0.000000          0   0.000000   0.000000 
   -58.286   -408.000   0.000000          0   0.000000   0.000000 
     0.000   -408.000   0.000000          0   0.000000   0.000000 
    58.286   -408.000   0.000000          0   0.000000   0.000000 
   116.571   -408.000   0.000000          0   0.000000   0.000000 
   174.857   -408.000   0.000000          0   0.000000   0.000000 
   233.143   -408.000   0.000000          0   0.000000   0.000000 
   291.429   -408.000   0.000000          0   0.000000   0.000000 
   349.714   -408.000   0.000000          0   0.000000   0.000000 
   408.000   -408.000   0.000000          0   0.000000   0.000000 
  -408.000   -349.714   0.000000          0   0.000000   0.000000 
  -349.714   -349.714   0.000000          0   0.000000   0.000000 
  -291.429   -349.714   0.000000          0   0.000000   0.000000 
  -233.143   -349.714   0.000000          0   0.000000   0.000000 
  -174.857   -349.714   0.212190        535   0.173146  -0.070158 
  -116.571   -349.714   0.162859       2485   0.159745  -0.018818 
   -58.286   -349.714   0.198068       3918   0.127872  -0.058232 
     0.000   -349.714   0.175942       4326   0.226368  -0.059159 
    58.286   -349.714   0.213104       5950   0.158231   0.031755 
   116.571   -349.714   0.192600       6504   0.097779   0.024853 
   174.857   -349.714   0.181289       4783   0.075632   0.050396 
   233.143   -349.714   0.151450        147   0.073986   0.087310 
   291.429   -349.714   0.000000          0   0.000000   0.000000 
   349.714   -349.714   0.000000          0   0.000000   0.000000 
   408.000   -349.714   0.000000          0   0.000000   0.000000 
  -408.000   -291.429   0.000000          0   0.000000   0.000000 
  -349.714   -291.429   0.000000          0   0.000000   0.000000 
  -291.429   -291.429   0.000000          0   0.000000   0.000000 
  -233.143   -291.429   0.148031       3170   0.068904  -0.065047 
  -174.857   -291.429   0.173959       5570   0.121533  -0.095513 
  -116.571   -291.429   0.190273       6995   0.109009  -0.004487 
   -58.286   -291.429   0.230292       5061   0.122271  -0.027919 
     0.000   -291.429   0.214571       5790   0.049082  -0.051031 
    58.286   -291.429   0.232460       4942   0.076159   0.041424 
   116.571   -291.429   0.197298       5931   0.061252   0.042114 
   174.857   -291.429   0.202550       5917   0.114472  -0.029980 
   233.143   -291.429   0.171264      13684   0.084060   0.050640 
   291.429   -291.429   0.133161       2498   0.068512   0.075367 
   349.714   -291.429   0.000000          0   0.000000   0.000000 
   408.000   -291.429   0.000000          0   0.000000   0.000000 
  -408.000   -233.143   0.000000          0   0.000000   0.000000 
  -349.714   -233.143   0.000000          0   0.000000   0.000000 
  -291.429   -233.143   0.157114       3086   0.046666  -0.052703 
  -233.143   -233.143   0.138327       7606   0.030793  -0.053496 
  -174.857   -233.143   0.182056       6262   0.013311  -0.072427 
  -116.571   -233.143   0.224195       7454   0.020826  -0.044236 
   -58.286   -233.143   0.245429       5839   0.064114  -0.001519 
     0.000   -233.143   0.210787       7568   0.027734  -0.002894 
    58.286   -233.143   0.227779       5652   0.037076   0.006227 
   116.571   -233.143   0.242102       7419   0.073587  -0.004428 
   174.857   -233.143   0.200190       9222   0.069477   0.000747 
   233.143   -233.143   0.204429       3471   0.078659   0.052098 
   291.429   -233.143   0.151567      14226   0.054716   0.077573 
   349.714   -233.143   0.173050        414   0.029928   0.117372 
   408.000   -233.143   0.000000          0   0.000000   0.000000 
  -408.000   -174.857   0.000000          0   0.000000   0.000000 
  -349.714   -174.857   0.154813        292   0.157442  -0.160691 
  -291.429   -174.857   0.182548       5273   0.060950  -0.071699 
  -233.143   -174.857   0.180042       5820   0.083543  -0.066954 
  -174.857   -174.857   0.218826       7576   0.057451  -0.068940 
  -116.571   -174.857   0.195128       7809   0.037152  -0.025339 
   -58.286   -174.857   0.228244       7281   0.043984  -0.016929 
     0.000   -174.857   0.246610       7859   0.031419  -0.002917 
    58.286   -174.857   0.207714       8182   0.043393  -0.003476 
   116.571   -174.857   0.220867       7244   0.046133  -0.026804 
   174.857   -174.857   0.241245       6581   0.029449  -0.006237 
   233.143   -174.857   0.211243      11392   0.027828   0.036939 
   291.429   -174.857   0.167345       5447   0.053783   0.095691 
   349.714   -174.857   0.143888       9899   0.050180   0.087829 
   408.000   -174.857   0.000000          0   0.000000   0.000000 
  -408.000   -116.571   0.000000          0   0.000000   0.000000 
  -349.714   -116.571   0.156318       3282   0.000162  -0.103241 
  -291.429   -116.571   0.155011       7873   0.030260  -0.058920 
  -233.143   -116.571   0.191623       5811   0.020931  -0.066436 
  -174.857   -116.571   0.213501       7443   0.026891  -0.050599 
  -116.571   -116.571   0.212058       7093   0.043849  -0.035454 
   -58.286   -116.571   0.218824       8067   0.027430   0.020037 
     0.000   -116.571   0.209243       6950   0.026814  -0.021749 
    58.286   -116.571   0.196989       9171   0.023780  -0.017056 
   116.571   -116.571   0.227621       8607   0.026088  -0.016179 
   174.857   -116.571   0.216758       8381   0.016740   0.032874 
   233.143   -116.571   0.207301       7354  -0.001208   0.042649 
   291.429   -116.571   0.225459       6442   0.043677   0.029583 
   349.714   -116.571   0.167231      11608   0.041103   0.111642 
   408.000   -116.571   0.000000          0   0.000000   0.000000 
  -408.000    -58.286   0.000000          0   0.000000   0.000000 
  -349.714    -58.286   0.145736       4446   0.042888  -0.127313 
  -291.429    -58.286   0.181395       5194   0.039390  -0.095689 
  -233.143    -58.286   0.199935       9357   0.023015  -0.036232 
  -174.857    -58.286   0.212803       7077   0.005776  -0.056231 
  -116.571    -58.286   0.260883       6615   0.005920  -0.036557 
   -58.286    -58.286   0.236193       8228   0.011278  -0.003707 
     0.000    -58.286   0.205446       7470   0.020977  -0.004751 
    58.286    -58.286   0.222958       7937  -0.013209   0.004841 
   116.571    -58.286   0.231976       8030   0.010473  -0.032519 
   174.857    -58.286   0.225649       7462   0.041018   0.013993 
   233.143    -58.286   0.211949       8265   0.061922   0.041881 
   291.429    -58.286   0.225120       6718   0.044923   0.023284 
   349.714    -58.286   0.190570      11006   0.021144   0.124876 
   408.000    -58.286   0.194168       1190   0.000774   0.216593 
  -408.000      0.000   0.000000          0   0.000000   0.000000 
  -349.714      0.000   0.138733       8656   0.022677  -0.065803 
  -291.429      0.000   0.167017       6162   0.004919  -0.070033 
  -233.143      0.000   0.181045       8443   0.010735  -0.055894 
  -174.857      0.000   0.238485       8379   0.009929  -0.035950 
  -116.571      0.000   0.231208       9007   0.000887  -0.034686 
   -58.286      0.000   0.222162       7392   0.018759  -0.022760 
     0.000      0.000   0.223181       8937   0.016195   0.036897 
    58.286      0.000   0.244650       8400   0.019448  -0.020040 
   116.571      0.000   0.252168       8063   0.027168  -0.025524 
   174.857      0.000   0.238070       8616   0.011289  -0.010874 
   233.143      0.000   0.240558       6783   0.007773   0.037864 
   291.429      0.000   0.244772       7982   0.010822   0.061238 
   349.714      0.000   0.208054       8273  -0.028435   0.170072 
   408.000      0.000   0.170454       1109  -0.020378   0.247003 
  -408.000     58.286   0.000000          0   0.000000   0.000000 
  -349.714     58.286   0.143451       7971  -0.019229  -0.089130 
  -291.429     58.286   0.152704       7044   0.035101  -0.056648 
  -233.143     58.286   0.182330      10870   0.006217  -0.043727 
  -174.857     58.286   0.213750       7267   0.008739  -0.021215 
  -116.571     58.286   0.248831       6840   0.004654  -0.055722 
   -58.286     58.286   0.230229      10223  -0.004399  -0.016184 
     0.000     58.286   0.235175       7205   0.005967   0.036153 
    58.286     58.286   0.210738       8339   0.012879  -0.045222 
   116.571     58.286   0.272192       8177   0.005942   0.011719 
   174.857     58.286   0.247754       8274  -0.026000   0.000435 
   233.143     58.286   0.266460       5993  -0.018395   0.048005 
   291.429     58.286   0.222486       6648  -0.054154   0.089131 
   349.714     58.286   0.203342       9883  -0.004681   0.127107 
   408.000     58.286   0.159754        957  -0.013396   0.219160 
  -408.000    116.571   0.000000          0   0.000000   0.000000 
  -349.714    116.571   0.130720       6312  -0.015592  -0.114687 
  -291.429    116.571   0.160735       6342  -0.006580  -0.084312 
  -233.143    116.571   0.205439       8058   0.011885  -0.047702 
  -174.857    116.571   0.198321       8409   0.025584  -0.044603 
  -116.571    116.571   0.239513       8025   0.016073  -0.005238 
   -58.286    116.571   0.225063       7137  -0.021071  -0.010989 
     0.000    116.571   0.240833       9568  -0.018338   0.004377 
    58.286    116.571   0.237052       9123  -0.007652  -0.020528 
   116.571    116.571   0.218628       8631  -0.028420   0.000841 
   174.857    116.571   0.250908       8285  -0.019875   0.019197 
   233.143    116.571   0.231550       8874  -0.043850   0.042163 
   291.429    116.571   0.230193       6251  -0.046769   0.075070 
   349.714    116.571   0.192854       9606  -0.053250   0.129559 
   408.000    116.571   0.000000          0   0.000000   0.000000 
  -408.000    174.857   0.000000          0   0.000000   0.000000 
  -349.714    174.857   0.127925       2949  -0.043074  -0.097933 
  -291.429    174.857   0.165592      11005  -0.037784  -0.099429 
  -233.143    174.857   0.199259      10092  -0.007371  -0.048169 
  -174.857    174.857   0.206228       7323   0.016078  -0.034042 
  -116.571    174.857   0.231105       9091  -0.009331   0.010566 
   -58.286    174.857   0.206191       8769  -0.034438   0.005563 
     0.000    174.857   0.194464      10579  -0.024035  -0.007916 
    58.286    174.857   0.227651       9249  -0.028441  -0.016253 
   116.571    174.857   0.219436       8457  -0.033749   0.021378 
   174.857    174.857   0.238997       7858  -0.019165   0.021377 
   233.143    174.857   0.239101       8067  -0.057263   0.057080 
   291.429    174.857   0.195128       6836  -0.068793   0.061801 
   349.714    174.857   0.211965       6769  -0.069508   0.139397 
   408.000    174.857   0.000000          0   0.000000   0.000000 
  -408.000    233.143   0.000000          0   0.000000   0.000000 
  -349.714    233.143   0.000000          0   0.000000   0.000000 
  -291.429    233.143   0.187860       8579  -0.075166  -0.098722 
  -233.143    233.143   0.187600       7602  -0.032935  -0.088591 
  -174.857    233.143   0.186300       7294  -0.072264  -0.047787 
  -116.571    233.143   0.207228      11134  -0.045017   0.013890 
   -58.286    233.143   0.217573       7167  -0.041763   0.014032 
     0.000    233.143   0.211518       7411  -0.030652   0.003342 
    58.286    233.143   0.224570       7544  -0.050089  -0.018446 
   116.571    233.143   0.228782       8517  -0.055759   0.006946 
   174.857    233.143   0.209388      11472  -0.046915   0.032453 
   233.143    233.143   0.210353       4600  -0.026829   0.058726 
   291.429    233.143   0.215655      11942  -0.058797   0.091082 
   349.714    233.143   0.196371        333  -0.061946   0.016460 
   408.000    233.143   0.000000          0   0.000000   0.000000 
  -408.000    291.429   0.000000          0   0.000000   0.000000 
  -349.714    291.429   0.000000          0   0.000000   0.000000 
  -291.429    291.429   0.000000          0   0.000000   0.000000 
  -233.143    291.429   0.147017      11570  -0.098184  -0.081574 
  -174.857    291.429   0.186462       9838  -0.095393  -0.032789 
  -116.571    291.429   0.192359       6801  -0.062720  -0.020458 
   -58.286    291.429   0.199585       6572  -0.025946   0.012254 
     0.000    291.429   0.207796      10032  -0.033096  -0.002080 
    58.286    291.429   0.207039       8240  -0.039493   0.000529 
   116.571    291.429   0.200422       5730  -0.034653   0.002835 
   174.857    291.429   0.198121       6435  -0.091838   0.051492 
   233.143    291.429   0.183236      14179  -0.085701   0.057161 
   291.429    291.429   0.163405       1965  -0.083637   0.068685 
   349.714    291.429   0.000000          0   0.000000   0.000000 
   408.000    291.429   0.000000          0   0.000000   0.000000 
  -408.000    349.714   0.000000          0   0.000000   0.000000 
  -349.714    349.714   0.000000          0   0.000000   0.000000 
  -291.429    349.714   0.000000          0   0.000000   0.000000 
  -233.143    349.714   0.000000          0   0.000000   0.000000 
  -174.857    349.714   0.167742       3645  -0.140718  -0.078191 
  -116.571    349.714   0.165875      10912  -0.097590  -0.033535 
   -58.286    349.714   0.170877      12460  -0.104024  -0.024445 
     0.000    349.714   0.204104      12021  -0.106357   0.015389 
    58.286    349.714   0.190960      11585  -0.103615   0.003396 
   116.571    349.714   0.200488      13327  -0.091123   0.025315 
   174.857    349.714   0.222856       7225  -0.111994   0.056581 
   233.143    349.714   0.154252        208  -0.072055  -0.010591 
   291.429    349.714   0.000000          0   0.000000   0.000000 
   349.714    349.714   0.000000          0   0.000000   0.000000 
   408.000    349.714   0.000000          0   0.000000   0.000000 
  -408.000    408.000   0.000000          0   0.000000   0.000000 
  -349.714    408.000   0.000000          0   0.000000   0.000000 
  -291.429    408.000   0.000000          0   0.000000   0.000000 
  -233.143    408.000   0.000000          0   0.000000   0.000000 
  -174.857    408.000   0.000000          0   0.000000   0.000000 
  -116.571    408.000   0.000000          0   0.000000   0.000000 
   -58.286    408.000   0.000000          0   0.000000   0.000000 
     0.000    408.000   0.000000          0   0.000000   0.000000 
    58.286    408.000   0.000000          0   0.000000   0.000000 
   116.571    408.000   0.000000          0   0.000000   0.000000 
   174.857    408.000   0.000000          0   0.000000   0.000000 
   233.143    408.000   0.000000          0   0.000000   0.000000 
   291.429    408.000   0.000000          0   0.000000   0.000000 
   349.714    408.000   0.000000          0   0.000000   0.000000 
   408.000    408.000   0.000000          0   0.000000   0.000000 
