    X          Y          T         n          ux         uy    
  -408.000   -408.000   0.000000          0   0.000000   0.000000 
  -349.714   -408.000   0.000000          0   0.000000   0.000000 
  -291.429   -408.000   0.000000          0   0.000000   0.000000 
  -233.143   -408.000   0.000000          0   0.000000   0.000000 
  -174.857   -408.000   0.000000          0   0.000000   0.000000 
  -116.571   -408.000   0.000000          0   0.000000   0.000000 
   -58.286   -408.000   0.000000          0   0.000000   0.000000 
     0.000   -408.000   0.000000          0   0.000000   0.000000 
    58.286   -408.000   0.000000          0   0.000000   0.000000 
   116.571   -408.000   0.000000          0   0.000000   0.000000 
   174.857   -408.000   0.000000          0   0.000000   0.000000 
   233.143   -408.000   0.000000          0   0.000000   0.000000 
   291.429   -408.000   0.000000          0   0.000000   0.000000 
   349.714   -408.000   0.000000          0   0.000000   0.000000 
   408.000   -408.000   0.000000          0   0.000000   0.000000 
  -408.000   -349.714   0.000000          0   0.000000   0.000000 
  -349.714   -349.714   0.000000          0   0.000000   0.000000 
  -291.429   -349.714   0.000000          0   0.000000   0.000000 
  -233.143   -349.714   0.000000          0   0.000000   0.000000 
  -174.857   -349.714   0.175220       3035  -0.014542   0.016896 
  -116.571   -349.714   0.166512      10849  -0.005596   0.004056 
   -58.286   -349.714   0.147149      12654  -0.013030   0.004419 
     0.000   -349.714   0.158898      13273  -0.021991   0.007870 
    58.286   -349.714   0.145775      15108  -0.025107   0.001041 
   116.571   -349.714   0.128879      13159  -0.022078  -0.011745 
   174.857   -349.714   0.132397      14516  -0.014756  -0.007246 
   233.143   -349.714   0.143470        341   0.023648   0.024163 
   291.429   -349.714   0.000000          0   0.000000   0.000000 
   349.714   -349.714   0.000000          0   0.000000   0.000000 
   408.000   -349.714   0.000000          0   0.000000   0.000000 
  -408.000   -291.429   0.000000          0   0.000000   0.000000 
  -349.714   -291.429   0.000000          0   0.000000   0.000000 
  -291.429   -291.429   0.000000          0   0.000000   0.000000 
  -233.143   -291.429   0.158514       9105   0.003194   0.006471 
  -174.857   -291.429   0.166699      12291  -0.027177   0.015238 
  -116.571   -291.429   0.169809       8611  -0.036493   0.010913 
   -58.286   -291.429   0.155690      11161  -0.055726   0.016575 
     0.000   -291.429   0.137181      14262  -0.048840   0.009520 
    58.286   -291.429   0.143868      12600  -0.057531  -0.006714 
   116.571   -291.429   0.137586      11187  -0.051191  -0.025656 
   174.857   -291.429   0.143404       3412  -0.012783  -0.027116 
   233.143   -291.429   0.126623      18230  -0.016098  -0.008066 
   291.429   -291.429   0.144322       2560  -0.011310  -0.005628 
   349.714   -291.429   0.000000          0   0.000000   0.000000 
   408.000   -291.429   0.000000          0   0.000000   0.000000 
  -408.000   -233.143   0.000000          0   0.000000   0.000000 
  -349.714   -233.143   0.000000          0   0.000000   0.000000 
  -291.429   -233.143   0.137211      10971  -0.020378   0.017022 
  -233.143   -233.143   0.170010       8534  -0.047561   0.011400 
  -174.857   -233.143   0.148381       9901  -0.037259   0.039549 
  -116.571   -233.143   0.147003      11137  -0.071052   0.021938 
   -58.286   -233.143   0.107977       8913  -0.067766   0.019044 
     0.000   -233.143   0.112130       9151  -0.057571   0.026521 
    58.286   -233.143   0.102371      10384  -0.047301  -0.006420 
   116.571   -233.143   0.140748       7062  -0.057937  -0.027910 
   174.857   -233.143   0.139036      14972  -0.056223  -0.031386 
   233.143   -233.143   0.123348       9319  -0.028164  -0.036481 
   291.429   -233.143   0.132125      19037  -0.010709  -0.014703 
   349.714   -233.143   0.116222       1362  -0.012604   0.020628 
   408.000   -233.143   0.000000          0   0.000000   0.000000 
  -408.000   -174.857   0.000000          0   0.000000   0.000000 
  -349.714   -174.857   0.156061       2860  -0.008557   0.021741 
  -291.429   -174.857   0.169166      12929  -0.010694   0.030955 
  -233.143   -174.857   0.140218       8883  -0.062983   0.058409 
  -174.857   -174.857   0.165419      10096  -0.079100   0.038640 
  -116.571   -174.857   0.117992      10848  -0.057277   0.028576 
   -58.286   -174.857   0.114050      10750  -0.053220   0.015564 
     0.000   -174.857   0.089411      11701  -0.047439   0.001227 
    58.286   -174.857   0.098325       9307  -0.041681  -0.001724 
   116.571   -174.857   0.097976      15142  -0.041893  -0.030149 
   174.857   -174.857   0.102916       8177  -0.036461  -0.027571 
   233.143   -174.857   0.160143      14427  -0.037405  -0.050222 
   291.429   -174.857   0.121652       4548  -0.033776  -0.045897 
   349.714   -174.857   0.134305      14895  -0.004692  -0.014529 
   408.000   -174.857   0.000000          0   0.000000   0.000000 
  -408.000   -116.571   0.000000          0   0.000000   0.000000 
  -349.714   -116.571   0.160062      11179  -0.018950   0.046296 
  -291.429   -116.571   0.160523       5484  -0.068235   0.045235 
  -233.143   -116.571   0.164126      13900  -0.037640   0.063587 
  -174.857   -116.571   0.123126       8324  -0.048953   0.044322 
  -116.571   -116.571   0.095061      12508  -0.040624   0.020397 
   -58.286   -116.571   0.069600      14346  -0.035739   0.006124 
     0.000   -116.571   0.069849      11437  -0.038265   0.004833 
    58.286   -116.571   0.069531      14773  -0.031281  -0.010141 
   116.571   -116.571   0.074780       9361  -0.027513  -0.026167 
   174.857   -116.571   0.103245      14527  -0.029468  -0.039657 
   233.143   -116.571   0.130264       8233  -0.024562  -0.055147 
   291.429   -116.571   0.131478      12227  -0.018461  -0.052691 
   349.714   -116.571   0.139546      14310  -0.011683  -0.018166 
   408.000   -116.571   0.000000          0   0.000000   0.000000 
  -408.000    -58.286   0.000000          0   0.000000   0.000000 
  -349.714    -58.286   0.156226      12010  -0.019552   0.061733 
  -291.429    -58.286   0.173163      11767  -0.012786   0.037966 
  -233.143    -58.286   0.154475       5541  -0.020639   0.094303 
  -174.857    -58.286   0.110204      14578  -0.016820   0.042960 
  -116.571    -58.286   0.073168      13006  -0.015975   0.020384 
   -58.286    -58.286   0.063262      11553  -0.019699   0.008389 
     0.000    -58.286   0.050261      12725  -0.015013  -0.000400 
    58.286    -58.286   0.053127      10623  -0.019259  -0.009833 
   116.571    -58.286   0.061661      14564  -0.018977  -0.023363 
   174.857    -58.286   0.078713      11596  -0.017519  -0.042012 
   233.143    -58.286   0.104905       8655  -0.023196  -0.060359 
   291.429    -58.286   0.137729      14234  -0.012903  -0.060939 
   349.714    -58.286   0.170785      10861   0.000424  -0.032832 
   408.000    -58.286   0.140333       6068  -0.004202   0.008041 
  -408.000      0.000   0.000000          0   0.000000   0.000000 
  -349.714      0.000   0.146901      15982   0.000935   0.051488 
  -291.429      0.000   0.140698      11517  -0.004353   0.058825 
  -233.143      0.000   0.113696       7847  -0.011399   0.048768 
  -174.857      0.000   0.088224      11521  -0.006929   0.049489 
  -116.571      0.000   0.057736      16734  -0.004501   0.021117 
   -58.286      0.000   0.050003      13147  -0.006739   0.009288 
     0.000      0.000   0.041825       9064  -0.017585  -0.001061 
    58.286      0.000   0.041376      13990  -0.005138  -0.011619 
   116.571      0.000   0.049302      14600  -0.002753  -0.026509 
   174.857      0.000   0.070230      11103  -0.008232  -0.045024 
   233.143      0.000   0.086247      10125  -0.001010  -0.056810 
   291.429      0.000   0.151110      13856   0.000007  -0.066044 
   349.714      0.000   0.151698       7988   0.012049  -0.048858 
   408.000      0.000   0.150621       8464  -0.001191   0.009282 
  -408.000     58.286   0.000000          0   0.000000   0.000000 
  -349.714     58.286   0.126327      11792   0.006262   0.069432 
  -291.429     58.286   0.111730      13355   0.001183   0.053073 
  -233.143     58.286   0.102378       6585   0.004097   0.054721 
  -174.857     58.286   0.078535      13077   0.005400   0.042016 
  -116.571     58.286   0.053568      14742   0.005861   0.026420 
   -58.286     58.286   0.036325      12798   0.002537   0.005702 
     0.000     58.286   0.041214      11563   0.008656  -0.001524 
    58.286     58.286   0.043895      13367   0.001936  -0.009738 
   116.571     58.286   0.046605      16272   0.005934  -0.027617 
   174.857     58.286   0.071561      11524   0.014411  -0.043707 
   233.143     58.286   0.092573       9364  -0.004846  -0.049377 
   291.429     58.286   0.132875      12331  -0.004063  -0.073419 
   349.714     58.286   0.160983      10107  -0.020658  -0.042917 
   408.000     58.286   0.135402       3535  -0.010931   0.008365 
  -408.000    116.571   0.000000          0   0.000000   0.000000 
  -349.714    116.571   0.107970      15150   0.015992   0.052568 
  -291.429    116.571   0.102069       6530   0.022277   0.051253 
  -233.143    116.571   0.093195      11373   0.020673   0.053150 
  -174.857    116.571   0.074577      14188   0.020559   0.042169 
  -116.571    116.571   0.047085      10846   0.018258   0.020938 
   -58.286    116.571   0.043772      13522   0.021310   0.012650 
     0.000    116.571   0.051194      10717   0.019346  -0.000025 
    58.286    116.571   0.040855      12412   0.020253  -0.019441 
   116.571    116.571   0.050178      11279   0.013340  -0.024778 
   174.857    116.571   0.062700      16382   0.015886  -0.037576 
   233.143    116.571   0.111374       8192   0.028223  -0.069793 
   291.429    116.571   0.122567      11826   0.020199  -0.044261 
   349.714    116.571   0.141140      17977   0.007811  -0.029791 
   408.000    116.571   0.000000          0   0.000000   0.000000 
  -408.000    174.857   0.000000          0   0.000000   0.000000 
  -349.714    174.857   0.101328       5329   0.032368   0.069620 
  -291.429    174.857   0.095055      12170   0.025146   0.044003 
  -233.143    174.857   0.081066      14800   0.029038   0.048030 
  -174.857    174.857   0.063490       9531   0.027901   0.026740 
  -116.571    174.857   0.058327      16508   0.031065   0.025687 
   -58.286    174.857   0.048351      12335   0.034191   0.010631 
     0.000    174.857   0.040940      11387   0.036878  -0.000631 
    58.286    174.857   0.050370      12765   0.033013  -0.015496 
   116.571    174.857   0.053942      14944   0.034666  -0.025352 
   174.857    174.857   0.062908       8486   0.032217  -0.044339 
   233.143    174.857   0.089317      17153   0.027164  -0.048259 
   291.429    174.857   0.125657       5283   0.021141  -0.042230 
   349.714    174.857   0.123539      12653   0.016019  -0.031902 
   408.000    174.857   0.000000          0   0.000000   0.000000 
  -408.000    233.143   0.000000          0   0.000000   0.000000 
  -349.714    233.143   0.000000          0   0.000000   0.000000 
  -291.429    233.143   0.086585      13966   0.038250   0.049478 
  -233.143    233.143   0.086801       8011   0.034687   0.036443 
  -174.857    233.143   0.067683      16971   0.038850   0.031347 
  -116.571    233.143   0.067359       9396   0.046002   0.026509 
   -58.286    233.143   0.043487      10800   0.041293   0.009061 
     0.000    233.143   0.042328      13581   0.042558   0.001164 
    58.286    233.143   0.049310      12542   0.042250  -0.012865 
   116.571    233.143   0.067886       7520   0.048148  -0.031566 
   174.857    233.143   0.081887      16036   0.040149  -0.039556 
   233.143    233.143   0.084944       7124   0.025511  -0.039909 
   291.429    233.143   0.123604      14905   0.027271  -0.038643 
   349.714    233.143   0.106824       2366  -0.000429   0.008317 
   408.000    233.143   0.000000          0   0.000000   0.000000 
  -408.000    291.429   0.000000          0   0.000000   0.000000 
  -349.714    291.429   0.000000          0   0.000000   0.000000 
  -291.429    291.429   0.000000          0   0.000000   0.000000 
  -233.143    291.429   0.074084      14857   0.048658   0.038003 
  -174.857    291.429   0.074991       8831   0.055981   0.039550 
  -116.571    291.429   0.051188      12387   0.048000   0.021245 
   -58.286    291.429   0.062308      13452   0.053372   0.010064 
     0.000    291.429   0.062203      15090   0.045054  -0.004103 
    58.286    291.429   0.067478      12681   0.055362  -0.014896 
   116.571    291.429   0.060651      14962   0.044183  -0.017940 
   174.857    291.429   0.101426       5928   0.052834  -0.041794 
   233.143    291.429   0.102678      15257   0.041016  -0.032965 
   291.429    291.429   0.097972       6013   0.012469  -0.010573 
   349.714    291.429   0.000000          0   0.000000   0.000000 
   408.000    291.429   0.000000          0   0.000000   0.000000 
  -408.000    349.714   0.000000          0   0.000000   0.000000 
  -349.714    349.714   0.000000          0   0.000000   0.000000 
  -291.429    349.714   0.000000          0   0.000000   0.000000 
  -233.143    349.714   0.000000          0   0.000000   0.000000 
  -174.857    349.714   0.065805      10332   0.046016   0.026520 
  -116.571    349.714   0.080257      13847   0.058966   0.019806 
   -58.286    349.714   0.075355      16672   0.055169   0.007852 
     0.000    349.714   0.083061      16636   0.056210   0.000550 
    58.286    349.714   0.084696      14788   0.057073  -0.008656 
   116.571    349.714   0.102607      17079   0.043498  -0.017352 
   174.857    349.714   0.093393      15150   0.035873  -0.018863 
   233.143    349.714   0.067422       1159   0.015326  -0.012022 
   291.429    349.714   0.000000          0   0.000000   0.000000 
   349.714    349.714   0.000000          0   0.000000   0.000000 
   408.000    349.714   0.000000          0   0.000000   0.000000 
  -408.000    408.000   0.000000          0   0.000000   0.000000 
  -349.714    408.000   0.000000          0   0.000000   0.000000 
  -291.429    408.000   0.000000          0   0.000000   0.000000 
  -233.143    408.000   0.000000          0   0.000000   0.000000 
  -174.857    408.000   0.000000          0   0.000000   0.000000 
  -116.571    408.000   0.000000          0   0.000000   0.000000 
   -58.286    408.000   0.000000          0   0.000000   0.000000 
     0.000    408.000   0.022164         51  -0.011023  -0.052068 
    58.286    408.000   0.001652          2  -0.097368  -0.101133 
   116.571    408.000   0.000000          0   0.000000   0.000000 
   174.857    408.000   0.000000          0   0.000000   0.000000 
   233.143    408.000   0.000000          0   0.000000   0.000000 
   291.429    408.000   0.000000          0   0.000000   0.000000 
   349.714    408.000   0.000000          0   0.000000   0.000000 
   408.000    408.000   0.000000          0   0.000000   0.000000 
