    X          Y          T         n          ux         uy    
  -408.000   -408.000   0.000000          0   0.000000   0.000000 
  -349.714   -408.000   0.000000          0   0.000000   0.000000 
  -291.429   -408.000   0.000000          0   0.000000   0.000000 
  -233.143   -408.000   0.000000          0   0.000000   0.000000 
  -174.857   -408.000   0.000000          0   0.000000   0.000000 
  -116.571   -408.000   0.000000          0   0.000000   0.000000 
   -58.286   -408.000   0.000000          0   0.000000   0.000000 
     0.000   -408.000   0.000000          0   0.000000   0.000000 
    58.286   -408.000   0.000000          0   0.000000   0.000000 
   116.571   -408.000   0.000000          0   0.000000   0.000000 
   174.857   -408.000   0.000000          0   0.000000   0.000000 
   233.143   -408.000   0.000000          0   0.000000   0.000000 
   291.429   -408.000   0.000000          0   0.000000   0.000000 
   349.714   -408.000   0.000000          0   0.000000   0.000000 
   408.000   -408.000   0.000000          0   0.000000   0.000000 
  -408.000   -349.714   0.000000          0   0.000000   0.000000 
  -349.714   -349.714   0.000000          0   0.000000   0.000000 
  -291.429   -349.714   0.000000          0   0.000000   0.000000 
  -233.143   -349.714   0.000000          0   0.000000   0.000000 
  -174.857   -349.714   0.738180         43  -0.238297   0.020106 
  -116.571   -349.714   0.341912        363   0.084042  -0.191558 
   -58.286   -349.714   0.869623        360   0.286020   0.212041 
     0.000   -349.714   0.691546        529   0.050894   0.060711 
    58.286   -349.714   0.353754        554   0.152453  -0.148004 
   116.571   -349.714   0.307204        700   0.102680   0.097302 
   174.857   -349.714   0.311807        248  -0.004089  -0.041579 
   233.143   -349.714   0.000000          0   0.000000   0.000000 
   291.429   -349.714   0.000000          0   0.000000   0.000000 
   349.714   -349.714   0.000000          0   0.000000   0.000000 
   408.000   -349.714   0.000000          0   0.000000   0.000000 
  -408.000   -291.429   0.000000          0   0.000000   0.000000 
  -349.714   -291.429   0.000000          0   0.000000   0.000000 
  -291.429   -291.429   0.000000          0   0.000000   0.000000 
  -233.143   -291.429   0.341655        526  -0.003262  -0.063956 
  -174.857   -291.429   0.366673        943   0.082256   0.008415 
  -116.571   -291.429   0.482095        912  -0.008537  -0.055188 
   -58.286   -291.429   0.409402       1213  -0.097902   0.026506 
     0.000   -291.429   0.452051       1195  -0.051320   0.024116 
    58.286   -291.429   0.308880       2099   0.065688  -0.126447 
   116.571   -291.429   0.342223       1700   0.186924   0.105698 
   174.857   -291.429   0.301155       1963   0.060424   0.026055 
   233.143   -291.429   0.303725       2164   0.091362   0.031312 
   291.429   -291.429   0.369727         90   0.246090   0.290407 
   349.714   -291.429   0.000000          0   0.000000   0.000000 
   408.000   -291.429   0.000000          0   0.000000   0.000000 
  -408.000   -233.143   0.000000          0   0.000000   0.000000 
  -349.714   -233.143   0.000000          0   0.000000   0.000000 
  -291.429   -233.143   0.265944       1118   0.041949  -0.017276 
  -233.143   -233.143   0.293718       1487   0.060463  -0.039480 
  -174.857   -233.143   0.390459       1110   0.061506  -0.019968 
  -116.571   -233.143   0.281040       2270  -0.003039   0.018704 
   -58.286   -233.143   0.296929       1876   0.064116   0.020452 
     0.000   -233.143   0.365565       2436   0.065576  -0.062906 
    58.286   -233.143   0.388245       2222   0.021080  -0.131559 
   116.571   -233.143   0.320534       1899   0.156890   0.039665 
   174.857   -233.143   0.316754       3686   0.104773   0.033338 
   233.143   -233.143   0.371032       2114   0.110491   0.015388 
   291.429   -233.143   0.358786       1377   0.083234   0.201613 
   349.714   -233.143   0.000000          0   0.000000   0.000000 
   408.000   -233.143   0.000000          0   0.000000   0.000000 
  -408.000   -174.857   0.000000          0   0.000000   0.000000 
  -349.714   -174.857   0.476769         82  -0.113653   0.180263 
  -291.429   -174.857   0.349043       1342  -0.033519  -0.070435 
  -233.143   -174.857   0.332397       1716   0.052337  -0.043066 
  -174.857   -174.857   0.366881       1627   0.065052  -0.016734 
  -116.571   -174.857   0.346232       1605   0.184400   0.103105 
   -58.286   -174.857   0.333046       2386   0.019617  -0.083258 
     0.000   -174.857   0.369956       3723   0.021940   0.004004 
    58.286   -174.857   0.352783       2466   0.101223  -0.125734 
   116.571   -174.857   0.304827       3872  -0.003562  -0.070015 
   174.857   -174.857   0.294052       2518   0.062936   0.074719 
   233.143   -174.857   0.333865       2435  -0.023327   0.126139 
   291.429   -174.857   0.280073       2452   0.046430   0.079500 
   349.714   -174.857   0.226238        699   0.036500   0.144058 
   408.000   -174.857   0.000000          0   0.000000   0.000000 
  -408.000   -116.571   0.000000          0   0.000000   0.000000 
  -349.714   -116.571   0.099009         43   0.269150   0.575790 
  -291.429   -116.571   0.222888       1704   0.005281  -0.106238 
  -233.143   -116.571   0.255963       1456  -0.007569  -0.069833 
  -174.857   -116.571   0.346057       2334  -0.010614  -0.047147 
  -116.571   -116.571   0.376946       2417  -0.001258   0.010720 
   -58.286   -116.571   0.385282       2757   0.050755  -0.010117 
     0.000   -116.571   0.407599       4192   0.050120   0.025598 
    58.286   -116.571   0.251164       2513  -0.043386  -0.144831 
   116.571   -116.571   0.328016       3722   0.001550  -0.000425 
   174.857   -116.571   0.428686       3035  -0.061723   0.111739 
   233.143   -116.571   0.303364       2584  -0.016022   0.006010 
   291.429   -116.571   0.300455       2027  -0.028596   0.077058 
   349.714   -116.571   0.416578        533  -0.023832   0.179408 
   408.000   -116.571   0.000000          0   0.000000   0.000000 
  -408.000    -58.286   0.000000          0   0.000000   0.000000 
  -349.714    -58.286   0.147063         52  -0.071827   0.483695 
  -291.429    -58.286   0.258489        929  -0.039255  -0.056075 
  -233.143    -58.286   0.282834       1366  -0.037784  -0.080099 
  -174.857    -58.286   0.314387       1543   0.013909  -0.097795 
  -116.571    -58.286   0.452388       1712  -0.051339   0.037478 
   -58.286    -58.286   0.401501       2087  -0.160975  -0.020601 
     0.000    -58.286   0.438638       3309  -0.084009  -0.072091 
    58.286    -58.286   0.346954       2471   0.039608  -0.018564 
   116.571    -58.286   0.360577       3558  -0.034793   0.004060 
   174.857    -58.286   0.425293       2141   0.022704  -0.023697 
   233.143    -58.286   0.365506       2013   0.113869   0.104437 
   291.429    -58.286   0.349881       1364   0.021648   0.123741 
   349.714    -58.286   0.474449        669   0.081533   0.242782 
   408.000    -58.286   0.000000          0   0.000000   0.000000 
  -408.000      0.000   0.000000          0   0.000000   0.000000 
  -349.714      0.000   0.219960        321   0.014601   0.053294 
  -291.429      0.000   0.317290        598   0.002302  -0.115829 
  -233.143      0.000   0.232611       1590   0.003052  -0.079101 
  -174.857      0.000   0.359142       1377  -0.030423  -0.021444 
  -116.571      0.000   0.468205       2263  -0.065361   0.089476 
   -58.286      0.000   0.537163       2672   0.040420   0.044574 
     0.000      0.000   0.482541       2839  -0.032228  -0.100918 
    58.286      0.000   0.483024       2371  -0.106690  -0.095304 
   116.571      0.000   0.410975       3425  -0.028061  -0.002387 
   174.857      0.000   0.314422       4103   0.003443  -0.050333 
   233.143      0.000   0.312335       2832   0.009423   0.095392 
   291.429      0.000   0.278850       1561   0.033672   0.140336 
   349.714      0.000   0.299466        863  -0.036795   0.212560 
   408.000      0.000   0.000000          0   0.000000   0.000000 
  -408.000     58.286   0.000000          0   0.000000   0.000000 
  -349.714     58.286   0.772075        119   0.024095  -0.011570 
  -291.429     58.286   0.262143       1313   0.064098  -0.028277 
  -233.143     58.286   0.303465       1944  -0.012143  -0.062538 
  -174.857     58.286   0.353558       1957  -0.033890  -0.026381 
  -116.571     58.286   0.460472       2213   0.038402   0.067938 
   -58.286     58.286   0.574369       2333  -0.027961   0.013640 
     0.000     58.286   0.408085       4047   0.044571  -0.048489 
    58.286     58.286   0.463041       2592   0.059018  -0.082250 
   116.571     58.286   0.327809       4169   0.014742   0.001294 
   174.857     58.286   0.327764       3569  -0.008345  -0.004581 
   233.143     58.286   0.313584       2013  -0.080677   0.018845 
   291.429     58.286   0.271788       1815  -0.032513   0.141455 
   349.714     58.286   0.571674        362  -0.026679   0.360178 
   408.000     58.286   0.000000          0   0.000000   0.000000 
  -408.000    116.571   0.000000          0   0.000000   0.000000 
  -349.714    116.571   0.228503        183  -0.002079  -0.125933 
  -291.429    116.571   0.239822       1034   0.016272  -0.033774 
  -233.143    116.571   0.275340       1179   0.058826  -0.067715 
  -174.857    116.571   0.319620       1597  -0.018941   0.004694 
  -116.571    116.571   0.366851       1647  -0.008058  -0.005504 
   -58.286    116.571   0.335235       3051  -0.016060   0.016639 
     0.000    116.571   0.359826       3565  -0.024406  -0.103475 
    58.286    116.571   0.362794       2358  -0.011612   0.057690 
   116.571    116.571   0.377587       2883  -0.024033  -0.076705 
   174.857    116.571   0.381969       2400  -0.006052   0.023159 
   233.143    116.571   0.286721       2953   0.028381   0.056122 
   291.429    116.571   0.253616       1444  -0.036435   0.114989 
   349.714    116.571   0.328914        383  -0.089563   0.225634 
   408.000    116.571   0.000000          0   0.000000   0.000000 
  -408.000    174.857   0.000000          0   0.000000   0.000000 
  -349.714    174.857   0.000000          0   0.000000   0.000000 
  -291.429    174.857   0.134991        317  -0.096069  -0.285350 
  -233.143    174.857   0.296275       1341  -0.043343   0.011565 
  -174.857    174.857   0.302013       1522  -0.048186  -0.044087 
  -116.571    174.857   0.337980       2267  -0.040489   0.053763 
   -58.286    174.857   0.339116       2036   0.063764  -0.008181 
     0.000    174.857   0.245376       3650  -0.005970  -0.057690 
    58.286    174.857   0.323521       2328  -0.056059  -0.040540 
   116.571    174.857   0.364618       3061  -0.046702  -0.034566 
   174.857    174.857   0.432891       1674  -0.023960   0.045168 
   233.143    174.857   0.290708       1540  -0.115493   0.093146 
   291.429    174.857   0.277711        946  -0.108818   0.193182 
   349.714    174.857   0.608558         71  -0.088828   0.506328 
   408.000    174.857   0.000000          0   0.000000   0.000000 
  -408.000    233.143   0.000000          0   0.000000   0.000000 
  -349.714    233.143   0.000000          0   0.000000   0.000000 
  -291.429    233.143   0.112981        250  -0.129947  -0.114541 
  -233.143    233.143   0.208903       1445  -0.037339  -0.013682 
  -174.857    233.143   0.232719       1631   0.028700  -0.071453 
  -116.571    233.143   0.271088       2187  -0.034152   0.096669 
   -58.286    233.143   0.399039       2295  -0.036812  -0.079362 
     0.000    233.143   0.335658       1728  -0.016176   0.036004 
    58.286    233.143   0.331343       1974  -0.046279  -0.052126 
   116.571    233.143   0.389890       3367   0.006930  -0.040594 
   174.857    233.143   0.342440       2534  -0.102777   0.073606 
   233.143    233.143   0.254764       1333  -0.175104   0.003721 
   291.429    233.143   0.464058        457  -0.212250   0.217359 
   349.714    233.143   0.000000          0   0.000000   0.000000 
   408.000    233.143   0.000000          0   0.000000   0.000000 
  -408.000    291.429   0.000000          0   0.000000   0.000000 
  -349.714    291.429   0.000000          0   0.000000   0.000000 
  -291.429    291.429   0.000000          0   0.000000   0.000000 
  -233.143    291.429   0.194898        160  -0.319876  -0.051978 
  -174.857    291.429   0.249450        922  -0.096191  -0.024275 
  -116.571    291.429   0.155200        618   0.020509   0.031474 
   -58.286    291.429   0.420846       1408  -0.016501   0.004645 
     0.000    291.429   0.390719       1769  -0.005953  -0.104502 
    58.286    291.429   0.327268       2006  -0.014761   0.002755 
   116.571    291.429   0.342160       1913  -0.087653  -0.029737 
   174.857    291.429   0.469431        959  -0.099177   0.184111 
   233.143    291.429   0.344328        393   0.023543   0.126838 
   291.429    291.429   0.205997          9   0.312959  -0.097537 
   349.714    291.429   0.000000          0   0.000000   0.000000 
   408.000    291.429   0.000000          0   0.000000   0.000000 
  -408.000    349.714   0.000000          0   0.000000   0.000000 
  -349.714    349.714   0.000000          0   0.000000   0.000000 
  -291.429    349.714   0.000000          0   0.000000   0.000000 
  -233.143    349.714   0.000000          0   0.000000   0.000000 
  -174.857    349.714   0.295885         45  -0.044840  -0.003671 
  -116.571    349.714   0.000000          0   0.000000   0.000000 
   -58.286    349.714   0.522412        463  -0.032534  -0.080402 
     0.000    349.714   0.311899        836  -0.081436   0.020798 
    58.286    349.714   0.381060        678  -0.173430  -0.007724 
   116.571    349.714   0.473658        699  -0.186266  -0.020735 
   174.857    349.714   0.333416        369  -0.151815   0.069793 
   233.143    349.714   0.000000          0   0.000000   0.000000 
   291.429    349.714   0.000000          0   0.000000   0.000000 
   349.714    349.714   0.000000          0   0.000000   0.000000 
   408.000    349.714   0.000000          0   0.000000   0.000000 
  -408.000    408.000   0.000000          0   0.000000   0.000000 
  -349.714    408.000   0.000000          0   0.000000   0.000000 
  -291.429    408.000   0.000000          0   0.000000   0.000000 
  -233.143    408.000   0.000000          0   0.000000   0.000000 
  -174.857    408.000   0.000000          0   0.000000   0.000000 
  -116.571    408.000   0.000000          0   0.000000   0.000000 
   -58.286    408.000   0.000000          0   0.000000   0.000000 
     0.000    408.000   0.000000          0   0.000000   0.000000 
    58.286    408.000   0.000000          0   0.000000   0.000000 
   116.571    408.000   0.000000          0   0.000000   0.000000 
   174.857    408.000   0.000000          0   0.000000   0.000000 
   233.143    408.000   0.000000          0   0.000000   0.000000 
   291.429    408.000   0.000000          0   0.000000   0.000000 
   349.714    408.000   0.000000          0   0.000000   0.000000 
   408.000    408.000   0.000000          0   0.000000   0.000000 
