    X          Y          T         n          ux         uy    
  -408.000   -408.000   0.000000          0   0.000000   0.000000 
  -349.714   -408.000   0.000000          0   0.000000   0.000000 
  -291.429   -408.000   0.000000          0   0.000000   0.000000 
  -233.143   -408.000   0.000000          0   0.000000   0.000000 
  -174.857   -408.000   0.000000          0   0.000000   0.000000 
  -116.571   -408.000   0.000000          0   0.000000   0.000000 
   -58.286   -408.000   0.000000          0   0.000000   0.000000 
     0.000   -408.000   0.000000          0   0.000000   0.000000 
    58.286   -408.000   0.000000          0   0.000000   0.000000 
   116.571   -408.000   0.000000          0   0.000000   0.000000 
   174.857   -408.000   0.000000          0   0.000000   0.000000 
   233.143   -408.000   0.000000          0   0.000000   0.000000 
   291.429   -408.000   0.000000          0   0.000000   0.000000 
   349.714   -408.000   0.000000          0   0.000000   0.000000 
   408.000   -408.000   0.000000          0   0.000000   0.000000 
  -408.000   -349.714   0.000000          0   0.000000   0.000000 
  -349.714   -349.714   0.000000          0   0.000000   0.000000 
  -291.429   -349.714   0.000000          0   0.000000   0.000000 
  -233.143   -349.714   0.000000          0   0.000000   0.000000 
  -174.857   -349.714   0.000000          0   0.000000   0.000000 
  -116.571   -349.714   0.639566         61  -0.276241   0.335075 
   -58.286   -349.714   0.014463         13  -1.106186  -1.463955 
     0.000   -349.714   0.000000          0   0.000000   0.000000 
    58.286   -349.714   0.199004        262   0.454777  -0.208362 
   116.571   -349.714   0.187129        501   0.358869  -0.018924 
   174.857   -349.714   0.348879        380   0.303721   0.176939 
   233.143   -349.714   0.008278          2   0.718365   0.943981 
   291.429   -349.714   0.000000          0   0.000000   0.000000 
   349.714   -349.714   0.000000          0   0.000000   0.000000 
   408.000   -349.714   0.000000          0   0.000000   0.000000 
  -408.000   -291.429   0.000000          0   0.000000   0.000000 
  -349.714   -291.429   0.000000          0   0.000000   0.000000 
  -291.429   -291.429   0.000000          0   0.000000   0.000000 
  -233.143   -291.429   0.000000          0   0.000000   0.000000 
  -174.857   -291.429   0.149231        155   0.296610  -0.272617 
  -116.571   -291.429   0.208072        230   0.199387   0.300897 
   -58.286   -291.429   0.674996        271   0.156702  -0.194331 
     0.000   -291.429   0.194884        865   0.227792  -0.175941 
    58.286   -291.429   0.249725        467   0.336638  -0.103302 
   116.571   -291.429   0.220774       2208   0.125495  -0.074643 
   174.857   -291.429   0.246205       2206   0.172640   0.044317 
   233.143   -291.429   0.293494       1679   0.091822   0.181598 
   291.429   -291.429   0.273136        193  -0.041376  -0.042991 
   349.714   -291.429   0.000000          0   0.000000   0.000000 
   408.000   -291.429   0.000000          0   0.000000   0.000000 
  -408.000   -233.143   0.000000          0   0.000000   0.000000 
  -349.714   -233.143   0.000000          0   0.000000   0.000000 
  -291.429   -233.143   0.201166        335   0.213344  -0.169381 
  -233.143   -233.143   0.145974        714   0.330561  -0.075620 
  -174.857   -233.143   0.164492        589   0.290478   0.033299 
  -116.571   -233.143   0.159511        453   0.232286  -0.041058 
   -58.286   -233.143   0.248019        325   0.274006  -0.175254 
     0.000   -233.143   0.414787        394   0.097924  -0.376407 
    58.286   -233.143   0.303763       1537   0.140089  -0.132476 
   116.571   -233.143   0.273669       1864   0.095761  -0.042835 
   174.857   -233.143   0.303045       2976   0.037701  -0.018370 
   233.143   -233.143   0.286982       3406   0.048763   0.139055 
   291.429   -233.143   0.189297       1720   0.054762   0.064052 
   349.714   -233.143   0.000000          0   0.000000   0.000000 
   408.000   -233.143   0.000000          0   0.000000   0.000000 
  -408.000   -174.857   0.000000          0   0.000000   0.000000 
  -349.714   -174.857   0.014213         51   0.177385  -0.287950 
  -291.429   -174.857   0.180329        663   0.067354  -0.336894 
  -233.143   -174.857   0.252063        652   0.118540  -0.233818 
  -174.857   -174.857   0.202387        949   0.250575   0.062098 
  -116.571   -174.857   0.208540       1067   0.131735   0.168761 
   -58.286   -174.857   0.348501        819  -0.094140  -0.073332 
     0.000   -174.857   0.396354       1078   0.057886  -0.201697 
    58.286   -174.857   0.420950       1521  -0.015208  -0.109492 
   116.571   -174.857   0.267338       1517  -0.014269  -0.018513 
   174.857   -174.857   0.353357       2538  -0.019516   0.035037 
   233.143   -174.857   0.273624       3606   0.005101   0.075960 
   291.429   -174.857   0.183860       2190   0.037770   0.105162 
   349.714   -174.857   0.362557        117   0.026939   0.122721 
   408.000   -174.857   0.000000          0   0.000000   0.000000 
  -408.000   -116.571   0.000000          0   0.000000   0.000000 
  -349.714   -116.571   0.131426        736   0.002347   0.011540 
  -291.429   -116.571   0.209577        534  -0.197393  -0.285364 
  -233.143   -116.571   0.326994        741  -0.232569  -0.364305 
  -174.857   -116.571   0.232525       2394   0.019832  -0.019468 
  -116.571   -116.571   0.288790       2341   0.088917   0.078691 
   -58.286   -116.571   0.415934       1981   0.140354   0.032023 
     0.000   -116.571   0.287504       1936   0.006990  -0.057442 
    58.286   -116.571   0.371212       1917  -0.000902  -0.118282 
   116.571   -116.571   0.315915       3293  -0.006369  -0.005464 
   174.857   -116.571   0.267301       4414  -0.037804   0.043013 
   233.143   -116.571   0.277013       1895  -0.075820   0.062501 
   291.429   -116.571   0.265572       1611  -0.047707   0.161790 
   349.714   -116.571   0.196389        262   0.141411   0.121636 
   408.000   -116.571   0.000000          0   0.000000   0.000000 
  -408.000    -58.286   0.000000          0   0.000000   0.000000 
  -349.714    -58.286   0.268470        128  -0.147562  -0.301348 
  -291.429    -58.286   0.291240       1398   0.055931  -0.125871 
  -233.143    -58.286   0.268312       1575   0.125875  -0.019398 
  -174.857    -58.286   0.529885       1223  -0.080113  -0.151747 
  -116.571    -58.286   0.481491       1603  -0.129599  -0.003322 
   -58.286    -58.286   0.450352       2172  -0.038262   0.050305 
     0.000    -58.286   0.479116       2447  -0.018587  -0.069683 
    58.286    -58.286   0.434446       1433   0.002578  -0.087638 
   116.571    -58.286   0.417837       3586   0.014532   0.024630 
   174.857    -58.286   0.340626       1744   0.022533   0.113256 
   233.143    -58.286   0.313870       2020   0.062156   0.009168 
   291.429    -58.286   0.327938       1004   0.121708   0.219266 
   349.714    -58.286   0.237929        634   0.149856   0.090285 
   408.000    -58.286   0.000000          0   0.000000   0.000000 
  -408.000      0.000   0.000000          0   0.000000   0.000000 
  -349.714      0.000   0.460914        201   0.145901  -0.067649 
  -291.429      0.000   0.370997        749   0.013999  -0.184440 
  -233.143      0.000   0.350269       1175  -0.069758  -0.175658 
  -174.857      0.000   0.308095       1484   0.035680  -0.012969 
  -116.571      0.000   0.426453       1844   0.065764   0.053484 
   -58.286      0.000   0.460591       2188  -0.064172  -0.003105 
     0.000      0.000   0.409944       2960  -0.044486  -0.044137 
    58.286      0.000   0.384660       2736  -0.085123  -0.025517 
   116.571      0.000   0.424475       2923  -0.076413   0.008465 
   174.857      0.000   0.302470       3381  -0.018332  -0.008845 
   233.143      0.000   0.287442       3432  -0.023120   0.057243 
   291.429      0.000   0.335359       1411  -0.052999  -0.004395 
   349.714      0.000   0.276372        988   0.005419   0.206661 
   408.000      0.000   0.258731        110  -0.016287   0.004877 
  -408.000     58.286   0.000000          0   0.000000   0.000000 
  -349.714     58.286   0.041740         81   0.042692  -0.665490 
  -291.429     58.286   0.174922        796   0.185920  -0.168534 
  -233.143     58.286   0.294263       2038   0.017649  -0.049063 
  -174.857     58.286   0.373513       1632  -0.041284  -0.129511 
  -116.571     58.286   0.310593       2638  -0.039569   0.125140 
   -58.286     58.286   0.389339       2819   0.000968   0.014596 
     0.000     58.286   0.278887       4418   0.011327  -0.010423 
    58.286     58.286   0.354523       2795  -0.029974  -0.033965 
   116.571     58.286   0.363679       3283  -0.030383  -0.023092 
   174.857     58.286   0.370915       1865   0.029551   0.030308 
   233.143     58.286   0.285776       2302  -0.008587   0.063707 
   291.429     58.286   0.256104       1598  -0.013538  -0.019733 
   349.714     58.286   0.159378        415  -0.196285   0.269786 
   408.000     58.286   0.000000          0   0.000000   0.000000 
  -408.000    116.571   0.000000          0   0.000000   0.000000 
  -349.714    116.571   0.278148        308  -0.048433  -0.348354 
  -291.429    116.571   0.212379       1044  -0.038613  -0.206902 
  -233.143    116.571   0.161028       2741   0.018561  -0.012015 
  -174.857    116.571   0.270082       3371  -0.003793  -0.025941 
  -116.571    116.571   0.347903       2964  -0.021765   0.085843 
   -58.286    116.571   0.308377       3644   0.026463  -0.022876 
     0.000    116.571   0.358068       3536  -0.006523   0.020915 
    58.286    116.571   0.336214       3938  -0.014478  -0.000214 
   116.571    116.571   0.298285       4306   0.001362  -0.033067 
   174.857    116.571   0.401668       2876  -0.025278  -0.014612 
   233.143    116.571   0.317048       2853  -0.054728   0.039382 
   291.429    116.571   0.288998       1694  -0.014140   0.070514 
   349.714    116.571   0.301761        439   0.026539   0.178344 
   408.000    116.571   0.000000          0   0.000000   0.000000 
  -408.000    174.857   0.000000          0   0.000000   0.000000 
  -349.714    174.857   0.301462         62  -0.194918  -0.644092 
  -291.429    174.857   0.283145        798  -0.193329  -0.335005 
  -233.143    174.857   0.212063       1979  -0.010523  -0.104054 
  -174.857    174.857   0.274949       3105   0.009072   0.024777 
  -116.571    174.857   0.329368       2097   0.039164   0.122122 
   -58.286    174.857   0.321255       2993   0.010885   0.016655 
     0.000    174.857   0.401143       2766   0.020751   0.015177 
    58.286    174.857   0.350856       3464   0.002191  -0.027231 
   116.571    174.857   0.215220       3044   0.015883  -0.079353 
   174.857    174.857   0.314822       2545   0.057186   0.091222 
   233.143    174.857   0.315933       1872   0.095298  -0.007452 
   291.429    174.857   0.297026        820  -0.005086   0.078035 
   349.714    174.857   0.280201        555  -0.048790   0.152275 
   408.000    174.857   0.000000          0   0.000000   0.000000 
  -408.000    233.143   0.000000          0   0.000000   0.000000 
  -349.714    233.143   0.000000          0   0.000000   0.000000 
  -291.429    233.143   0.590576        298  -0.323325  -0.264430 
  -233.143    233.143   0.320562       1979  -0.143816  -0.158489 
  -174.857    233.143   0.442320       1798  -0.093400  -0.018368 
  -116.571    233.143   0.358341       2857  -0.049898   0.047229 
   -58.286    233.143   0.344493       3141   0.016826  -0.032792 
     0.000    233.143   0.336903       4228   0.018644   0.064652 
    58.286    233.143   0.245953       4031   0.038357  -0.039089 
   116.571    233.143   0.290625       4612   0.021863  -0.034228 
   174.857    233.143   0.333573       2435   0.002501  -0.001465 
   233.143    233.143   0.259790       2551  -0.044876   0.109266 
   291.429    233.143   0.386744        861  -0.167935   0.188327 
   349.714    233.143   0.000000          0   0.000000   0.000000 
   408.000    233.143   0.000000          0   0.000000   0.000000 
  -408.000    291.429   0.000000          0   0.000000   0.000000 
  -349.714    291.429   0.000000          0   0.000000   0.000000 
  -291.429    291.429   0.000000          0   0.000000   0.000000 
  -233.143    291.429   0.292264        827  -0.101964  -0.068188 
  -174.857    291.429   0.398158       1367  -0.134997  -0.094572 
  -116.571    291.429   0.449453       1737  -0.059545  -0.029517 
   -58.286    291.429   0.637281        958  -0.152674   0.043076 
     0.000    291.429   0.390939       2399  -0.060602   0.003468 
    58.286    291.429   0.401212       1843  -0.030647  -0.025729 
   116.571    291.429   0.374506       2904  -0.061562  -0.039346 
   174.857    291.429   0.347259       2299  -0.106625   0.022798 
   233.143    291.429   0.222802       1849  -0.102945   0.130226 
   291.429    291.429   0.126517        165  -0.022560   0.013865 
   349.714    291.429   0.000000          0   0.000000   0.000000 
   408.000    291.429   0.000000          0   0.000000   0.000000 
  -408.000    349.714   0.000000          0   0.000000   0.000000 
  -349.714    349.714   0.000000          0   0.000000   0.000000 
  -291.429    349.714   0.000000          0   0.000000   0.000000 
  -233.143    349.714   0.000000          0   0.000000   0.000000 
  -174.857    349.714   0.238448        192  -0.273628  -0.085097 
  -116.571    349.714   0.482387        607  -0.136136  -0.058029 
   -58.286    349.714   0.429566        807  -0.190094  -0.012476 
     0.000    349.714   0.303676       1572  -0.090162  -0.018474 
    58.286    349.714   0.322473       2249  -0.090193  -0.010918 
   116.571    349.714   0.403108       1140  -0.149315   0.004126 
   174.857    349.714   0.433203        402  -0.447180   0.206516 
   233.143    349.714   0.014786         10  -0.076302  -0.035731 
   291.429    349.714   0.000000          0   0.000000   0.000000 
   349.714    349.714   0.000000          0   0.000000   0.000000 
   408.000    349.714   0.000000          0   0.000000   0.000000 
  -408.000    408.000   0.000000          0   0.000000   0.000000 
  -349.714    408.000   0.000000          0   0.000000   0.000000 
  -291.429    408.000   0.000000          0   0.000000   0.000000 
  -233.143    408.000   0.000000          0   0.000000   0.000000 
  -174.857    408.000   0.000000          0   0.000000   0.000000 
  -116.571    408.000   0.000000          0   0.000000   0.000000 
   -58.286    408.000   0.000000          0   0.000000   0.000000 
     0.000    408.000   0.000000          0   0.000000   0.000000 
    58.286    408.000   0.000000          0   0.000000   0.000000 
   116.571    408.000   0.000000          0   0.000000   0.000000 
   174.857    408.000   0.000000          0   0.000000   0.000000 
   233.143    408.000   0.000000          0   0.000000   0.000000 
   291.429    408.000   0.000000          0   0.000000   0.000000 
   349.714    408.000   0.000000          0   0.000000   0.000000 
   408.000    408.000   0.000000          0   0.000000   0.000000 
