    X          Y          T         n          ux         uy    
  -408.000   -408.000   0.000000          0   0.000000   0.000000 
  -349.714   -408.000   0.000000          0   0.000000   0.000000 
  -291.429   -408.000   0.000000          0   0.000000   0.000000 
  -233.143   -408.000   0.000000          0   0.000000   0.000000 
  -174.857   -408.000   0.000000          0   0.000000   0.000000 
  -116.571   -408.000   0.000000          0   0.000000   0.000000 
   -58.286   -408.000   0.000000          0   0.000000   0.000000 
     0.000   -408.000   0.000000          0   0.000000   0.000000 
    58.286   -408.000   0.000000          0   0.000000   0.000000 
   116.571   -408.000   0.000000          0   0.000000   0.000000 
   174.857   -408.000   0.000000          0   0.000000   0.000000 
   233.143   -408.000   0.000000          0   0.000000   0.000000 
   291.429   -408.000   0.000000          0   0.000000   0.000000 
   349.714   -408.000   0.000000          0   0.000000   0.000000 
   408.000   -408.000   0.000000          0   0.000000   0.000000 
  -408.000   -349.714   0.000000          0   0.000000   0.000000 
  -349.714   -349.714   0.000000          0   0.000000   0.000000 
  -291.429   -349.714   0.000000          0   0.000000   0.000000 
  -233.143   -349.714   0.000000          0   0.000000   0.000000 
  -174.857   -349.714   0.196469         93   0.428652  -0.141352 
  -116.571   -349.714   0.276911        630   0.208747  -0.068569 
   -58.286   -349.714   0.152178        964   0.206719   0.052602 
     0.000   -349.714   0.211638       2407   0.064886  -0.017972 
    58.286   -349.714   0.186714       2459   0.078327   0.002837 
   116.571   -349.714   0.167739       3153   0.048317   0.010550 
   174.857   -349.714   0.103157       2214   0.023444   0.014774 
   233.143   -349.714   0.000000          0   0.000000   0.000000 
   291.429   -349.714   0.000000          0   0.000000   0.000000 
   349.714   -349.714   0.000000          0   0.000000   0.000000 
   408.000   -349.714   0.000000          0   0.000000   0.000000 
  -408.000   -291.429   0.000000          0   0.000000   0.000000 
  -349.714   -291.429   0.000000          0   0.000000   0.000000 
  -291.429   -291.429   0.000000          0   0.000000   0.000000 
  -233.143   -291.429   0.282132        571   0.116062  -0.064845 
  -174.857   -291.429   0.151400       2817   0.063766  -0.036180 
  -116.571   -291.429   0.235556       1455   0.044924  -0.084655 
   -58.286   -291.429   0.156989       4058   0.052927  -0.016857 
     0.000   -291.429   0.181776       3252   0.078320  -0.004646 
    58.286   -291.429   0.202837       3363   0.066525  -0.015493 
   116.571   -291.429   0.163002       6030   0.054025   0.024242 
   174.857   -291.429   0.128848       7652   0.047741  -0.024269 
   233.143   -291.429   0.149026       8393   0.047741   0.040061 
   291.429   -291.429   0.127263        532   0.023179   0.048459 
   349.714   -291.429   0.000000          0   0.000000   0.000000 
   408.000   -291.429   0.000000          0   0.000000   0.000000 
  -408.000   -233.143   0.000000          0   0.000000   0.000000 
  -349.714   -233.143   0.000000          0   0.000000   0.000000 
  -291.429   -233.143   0.193011        617   0.167895  -0.019305 
  -233.143   -233.143   0.192712       1512   0.065910  -0.105238 
  -174.857   -233.143   0.129736       6793   0.007484  -0.012980 
  -116.571   -233.143   0.196054       3796   0.039434  -0.019321 
   -58.286   -233.143   0.158292       4755  -0.007433  -0.002392 
     0.000   -233.143   0.154781       6971  -0.020250   0.008744 
    58.286   -233.143   0.211137       6049  -0.013732  -0.045783 
   116.571   -233.143   0.176541       6343   0.001016   0.030870 
   174.857   -233.143   0.194480       4287  -0.003667  -0.029440 
   233.143   -233.143   0.135157       5673   0.011629   0.021067 
   291.429   -233.143   0.154103       4940   0.029125   0.068062 
   349.714   -233.143   0.000000          0   0.000000   0.000000 
   408.000   -233.143   0.000000          0   0.000000   0.000000 
  -408.000   -174.857   0.000000          0   0.000000   0.000000 
  -349.714   -174.857   0.305779         60   0.008667  -0.214673 
  -291.429   -174.857   0.181303       1463   0.023813  -0.134137 
  -233.143   -174.857   0.164272       3522   0.023777  -0.031832 
  -174.857   -174.857   0.211828       3210   0.038682   0.002361 
  -116.571   -174.857   0.176426       5803   0.011027  -0.036089 
   -58.286   -174.857   0.195345       4023   0.050821   0.042444 
     0.000   -174.857   0.224204       5076   0.048674   0.000876 
    58.286   -174.857   0.200678       4879   0.016797  -0.017035 
   116.571   -174.857   0.188054       7590  -0.005839   0.014329 
   174.857   -174.857   0.166524       7515  -0.019002   0.001871 
   233.143   -174.857   0.171811       6029  -0.053866   0.001906 
   291.429   -174.857   0.162123       6774   0.041127   0.041491 
   349.714   -174.857   0.154192       1772   0.017036   0.036700 
   408.000   -174.857   0.000000          0   0.000000   0.000000 
  -408.000   -116.571   0.000000          0   0.000000   0.000000 
  -349.714   -116.571   0.060611        168   0.104438  -0.222134 
  -291.429   -116.571   0.149922       2165   0.014611  -0.108046 
  -233.143   -116.571   0.142049       7622   0.009300   0.001060 
  -174.857   -116.571   0.216747       4475  -0.025238  -0.020341 
  -116.571   -116.571   0.210105       4665  -0.051154  -0.007471 
   -58.286   -116.571   0.205984       5570  -0.055857  -0.002767 
     0.000   -116.571   0.244721       5981  -0.043032   0.005199 
    58.286   -116.571   0.223816       5294  -0.007354  -0.008613 
   116.571   -116.571   0.210617       6700   0.036289  -0.003083 
   174.857   -116.571   0.209984       6008   0.031712   0.035256 
   233.143   -116.571   0.193241       5949   0.008096  -0.006954 
   291.429   -116.571   0.148203       5848  -0.041280  -0.015485 
   349.714   -116.571   0.219180       2274   0.014942   0.181685 
   408.000   -116.571   0.000000          0   0.000000   0.000000 
  -408.000    -58.286   0.000000          0   0.000000   0.000000 
  -349.714    -58.286   0.237469        902   0.030265  -0.096140 
  -291.429    -58.286   0.175933       2486  -0.011029  -0.024415 
  -233.143    -58.286   0.155354       5027  -0.005672  -0.037306 
  -174.857    -58.286   0.193537       6017  -0.003839   0.023770 
  -116.571    -58.286   0.231091       3976  -0.009015   0.030625 
   -58.286    -58.286   0.241409       4878   0.008682  -0.055208 
     0.000    -58.286   0.221642       5794   0.028872  -0.012907 
    58.286    -58.286   0.230293       5337   0.033125   0.001257 
   116.571    -58.286   0.209204       7053  -0.008900  -0.014088 
   174.857    -58.286   0.250023       5122  -0.013693   0.012801 
   233.143    -58.286   0.213442       6398   0.024644   0.055850 
   291.429    -58.286   0.220136       4357   0.012517  -0.025605 
   349.714    -58.286   0.283574       2115   0.020811   0.125433 
   408.000    -58.286   0.000000          0   0.000000   0.000000 
  -408.000      0.000   0.000000          0   0.000000   0.000000 
  -349.714      0.000   0.161149        917   0.012835  -0.113364 
  -291.429      0.000   0.164845       1786   0.128507  -0.097382 
  -233.143      0.000   0.183479       4552   0.031643  -0.012400 
  -174.857      0.000   0.189466       4589   0.021460   0.002763 
  -116.571      0.000   0.237966       5891   0.036222   0.004478 
   -58.286      0.000   0.276675       5546   0.011321  -0.026760 
     0.000      0.000   0.253975       6320  -0.020391   0.030891 
    58.286      0.000   0.241710       7209  -0.054028  -0.035017 
   116.571      0.000   0.259076       4918  -0.038629  -0.013823 
   174.857      0.000   0.234014       6282   0.021595   0.017633 
   233.143      0.000   0.249072       5872  -0.011194   0.026146 
   291.429      0.000   0.206172       4839  -0.007022   0.015005 
   349.714      0.000   0.215085       2166  -0.022510   0.107812 
   408.000      0.000   0.000000          0   0.000000   0.000000 
  -408.000     58.286   0.000000          0   0.000000   0.000000 
  -349.714     58.286   0.103152        830  -0.035120  -0.126508 
  -291.429     58.286   0.167699       4723  -0.040812  -0.050740 
  -233.143     58.286   0.130463       4728  -0.010807  -0.004823 
  -174.857     58.286   0.189794       4835   0.006540   0.017312 
  -116.571     58.286   0.230107       4916  -0.032407   0.017649 
   -58.286     58.286   0.230670       5710  -0.015217  -0.017497 
     0.000     58.286   0.224546       6238  -0.001757  -0.007306 
    58.286     58.286   0.292716       6268   0.033557   0.012043 
   116.571     58.286   0.283971       4642  -0.058405  -0.004986 
   174.857     58.286   0.220297       5933  -0.048536  -0.014006 
   233.143     58.286   0.200281       6247  -0.025344   0.038683 
   291.429     58.286   0.203868       4416  -0.021550  -0.008417 
   349.714     58.286   0.286795        805  -0.021837   0.177600 
   408.000     58.286   0.000000          0   0.000000   0.000000 
  -408.000    116.571   0.000000          0   0.000000   0.000000 
  -349.714    116.571   0.167718        678  -0.002943  -0.211496 
  -291.429    116.571   0.166640       2933  -0.006676  -0.017195 
  -233.143    116.571   0.186319       4297  -0.040727  -0.046042 
  -174.857    116.571   0.182903       4706   0.024717  -0.013127 
  -116.571    116.571   0.206393       6907   0.019977   0.026653 
   -58.286    116.571   0.233942       5173  -0.020901  -0.004503 
     0.000    116.571   0.217861       6253  -0.006552  -0.006653 
    58.286    116.571   0.237508       5700  -0.029276   0.006636 
   116.571    116.571   0.233918       5002   0.070358  -0.017545 
   174.857    116.571   0.244260       7998  -0.011828   0.022869 
   233.143    116.571   0.214455       4907   0.008212   0.012564 
   291.429    116.571   0.185732       4948   0.006829   0.011995 
   349.714    116.571   0.176045       2862  -0.023673   0.017462 
   408.000    116.571   0.000000          0   0.000000   0.000000 
  -408.000    174.857   0.000000          0   0.000000   0.000000 
  -349.714    174.857   0.138770         96  -0.176314  -0.668732 
  -291.429    174.857   0.158219       2422  -0.035841  -0.020460 
  -233.143    174.857   0.145001       4288   0.011938  -0.039633 
  -174.857    174.857   0.182409       4181  -0.032453  -0.038191 
  -116.571    174.857   0.241125       5094  -0.017342   0.019740 
   -58.286    174.857   0.236493       5177  -0.035464   0.017655 
     0.000    174.857   0.225055       5519  -0.049177   0.014725 
    58.286    174.857   0.241160       5804  -0.017854  -0.036221 
   116.571    174.857   0.258156       7107  -0.020476  -0.007330 
   174.857    174.857   0.261541       4317   0.022079   0.028965 
   233.143    174.857   0.234612       5956  -0.001820  -0.004314 
   291.429    174.857   0.237666       5249  -0.029698   0.035487 
   349.714    174.857   0.155926       1447  -0.002762   0.024919 
   408.000    174.857   0.000000          0   0.000000   0.000000 
  -408.000    233.143   0.000000          0   0.000000   0.000000 
  -349.714    233.143   0.000000          0   0.000000   0.000000 
  -291.429    233.143   0.148516       1609  -0.019077  -0.071115 
  -233.143    233.143   0.165119       4127  -0.024828  -0.047319 
  -174.857    233.143   0.140205       6644  -0.032326  -0.024258 
  -116.571    233.143   0.202124       5812  -0.009603   0.032449 
   -58.286    233.143   0.225566       4801   0.011521   0.025522 
     0.000    233.143   0.247511       5499   0.010179   0.007515 
    58.286    233.143   0.229937       4934  -0.012754  -0.041341 
   116.571    233.143   0.275142       4913   0.017226  -0.052749 
   174.857    233.143   0.213492       5013   0.035159   0.018671 
   233.143    233.143   0.208761       6074   0.003886   0.038107 
   291.429    233.143   0.215941       2549  -0.008511   0.065712 
   349.714    233.143   0.000000          0   0.000000   0.000000 
   408.000    233.143   0.000000          0   0.000000   0.000000 
  -408.000    291.429   0.000000          0   0.000000   0.000000 
  -349.714    291.429   0.000000          0   0.000000   0.000000 
  -291.429    291.429   0.000000          0   0.000000   0.000000 
  -233.143    291.429   0.143210       1079  -0.109090  -0.063562 
  -174.857    291.429   0.154222        848  -0.110534  -0.102238 
  -116.571    291.429   0.200657       3115  -0.031429  -0.034747 
   -58.286    291.429   0.204892       3784   0.029180   0.041130 
     0.000    291.429   0.229431       4971   0.031923  -0.012879 
    58.286    291.429   0.202874       6370   0.015887  -0.019861 
   116.571    291.429   0.220307       4701  -0.063310  -0.019400 
   174.857    291.429   0.169860       7112  -0.059425   0.016950 
   233.143    291.429   0.184705       3362  -0.073489   0.045851 
   291.429    291.429   0.123143         91   0.050586   0.022184 
   349.714    291.429   0.000000          0   0.000000   0.000000 
   408.000    291.429   0.000000          0   0.000000   0.000000 
  -408.000    349.714   0.000000          0   0.000000   0.000000 
  -349.714    349.714   0.000000          0   0.000000   0.000000 
  -291.429    349.714   0.000000          0   0.000000   0.000000 
  -233.143    349.714   0.000000          0   0.000000   0.000000 
  -174.857    349.714   0.077778        138  -0.186713  -0.071397 
  -116.571    349.714   0.161970        826  -0.175114  -0.118760 
   -58.286    349.714   0.189679       2177  -0.112340  -0.014725 
     0.000    349.714   0.223592       3543  -0.065408   0.001622 
    58.286    349.714   0.200588       4441  -0.043602   0.012258 
   116.571    349.714   0.194161       3763  -0.025837   0.010724 
   174.857    349.714   0.303768        304  -0.198585   0.050107 
   233.143    349.714   0.000000          0   0.000000   0.000000 
   291.429    349.714   0.000000          0   0.000000   0.000000 
   349.714    349.714   0.000000          0   0.000000   0.000000 
   408.000    349.714   0.000000          0   0.000000   0.000000 
  -408.000    408.000   0.000000          0   0.000000   0.000000 
  -349.714    408.000   0.000000          0   0.000000   0.000000 
  -291.429    408.000   0.000000          0   0.000000   0.000000 
  -233.143    408.000   0.000000          0   0.000000   0.000000 
  -174.857    408.000   0.000000          0   0.000000   0.000000 
  -116.571    408.000   0.000000          0   0.000000   0.000000 
   -58.286    408.000   0.000000          0   0.000000   0.000000 
     0.000    408.000   0.000000          0   0.000000   0.000000 
    58.286    408.000   0.000000          0   0.000000   0.000000 
   116.571    408.000   0.000000          0   0.000000   0.000000 
   174.857    408.000   0.000000          0   0.000000   0.000000 
   233.143    408.000   0.000000          0   0.000000   0.000000 
   291.429    408.000   0.000000          0   0.000000   0.000000 
   349.714    408.000   0.000000          0   0.000000   0.000000 
   408.000    408.000   0.000000          0   0.000000   0.000000 
