    X          Y          T         n          ux         uy    
  -408.000   -408.000   0.000000          0   0.000000   0.000000 
  -349.714   -408.000   0.000000          0   0.000000   0.000000 
  -291.429   -408.000   0.000000          0   0.000000   0.000000 
  -233.143   -408.000   0.000000          0   0.000000   0.000000 
  -174.857   -408.000   0.000000          0   0.000000   0.000000 
  -116.571   -408.000   0.000000          0   0.000000   0.000000 
   -58.286   -408.000   0.000000          0   0.000000   0.000000 
     0.000   -408.000   0.000000          0   0.000000   0.000000 
    58.286   -408.000   0.000000          0   0.000000   0.000000 
   116.571   -408.000   0.000000          0   0.000000   0.000000 
   174.857   -408.000   0.000000          0   0.000000   0.000000 
   233.143   -408.000   0.000000          0   0.000000   0.000000 
   291.429   -408.000   0.000000          0   0.000000   0.000000 
   349.714   -408.000   0.000000          0   0.000000   0.000000 
   408.000   -408.000   0.000000          0   0.000000   0.000000 
  -408.000   -349.714   0.000000          0   0.000000   0.000000 
  -349.714   -349.714   0.000000          0   0.000000   0.000000 
  -291.429   -349.714   0.000000          0   0.000000   0.000000 
  -233.143   -349.714   0.000000          0   0.000000   0.000000 
  -174.857   -349.714   0.289883       6009   0.438195  -0.197214 
  -116.571   -349.714   0.274055      10256   0.463497  -0.154052 
   -58.286   -349.714   0.266487      10825   0.462545  -0.069359 
     0.000   -349.714   0.297647      11908   0.439737  -0.015190 
    58.286   -349.714   0.296244      12269   0.438070   0.032302 
   116.571   -349.714   0.263715      11362   0.452295   0.109923 
   174.857   -349.714   0.256165      10058   0.428776   0.204946 
   233.143   -349.714   0.218089         36   0.534060   0.438204 
   291.429   -349.714   0.000000          0   0.000000   0.000000 
   349.714   -349.714   0.000000          0   0.000000   0.000000 
   408.000   -349.714   0.000000          0   0.000000   0.000000 
  -408.000   -291.429   0.000000          0   0.000000   0.000000 
  -349.714   -291.429   0.000000          0   0.000000   0.000000 
  -291.429   -291.429   0.202201        204   0.343881  -0.320138 
  -233.143   -291.429   0.274228      12117   0.348069  -0.295070 
  -174.857   -291.429   0.297683       7352   0.337826  -0.198457 
  -116.571   -291.429   0.350544       5331   0.258201  -0.102811 
   -58.286   -291.429   0.289226       9467   0.241883  -0.050744 
     0.000   -291.429   0.283716       9074   0.267564  -0.016502 
    58.286   -291.429   0.317825       8237   0.270461   0.037361 
   116.571   -291.429   0.284586       6108   0.279592   0.079395 
   174.857   -291.429   0.246209       5674   0.235807   0.110758 
   233.143   -291.429   0.265633      14601   0.362642   0.279509 
   291.429   -291.429   0.234078       2344   0.304480   0.327562 
   349.714   -291.429   0.000000          0   0.000000   0.000000 
   408.000   -291.429   0.000000          0   0.000000   0.000000 
  -408.000   -233.143   0.000000          0   0.000000   0.000000 
  -349.714   -233.143   0.000000          0   0.000000   0.000000 
  -291.429   -233.143   0.247914      12103   0.276606  -0.341325 
  -233.143   -233.143   0.259528       6269   0.152311  -0.188452 
  -174.857   -233.143   0.287570       9943   0.216849  -0.157900 
  -116.571   -233.143   0.293850       9467   0.215817  -0.106451 
   -58.286   -233.143   0.264748       6699   0.217493  -0.056683 
     0.000   -233.143   0.322156       6147   0.199701  -0.039492 
    58.286   -233.143   0.297873       7046   0.180693   0.024073 
   116.571   -233.143   0.310429       7643   0.210962   0.067367 
   174.857   -233.143   0.269377      11784   0.212747   0.142077 
   233.143   -233.143   0.248604       4496   0.174814   0.142549 
   291.429   -233.143   0.260237      14888   0.263444   0.362989 
   349.714   -233.143   0.000000          0   0.000000   0.000000 
   408.000   -233.143   0.000000          0   0.000000   0.000000 
  -408.000   -174.857   0.000000          0   0.000000   0.000000 
  -349.714   -174.857   0.248777       4526   0.239360  -0.505253 
  -291.429   -174.857   0.262512       9593   0.138808  -0.287195 
  -233.143   -174.857   0.265814       9620   0.170410  -0.239180 
  -174.857   -174.857   0.257297       7646   0.124097  -0.126473 
  -116.571   -174.857   0.299507       6750   0.120121  -0.103202 
   -58.286   -174.857   0.351965       8110   0.125451  -0.060867 
     0.000   -174.857   0.286987       7274   0.154095  -0.019813 
    58.286   -174.857   0.269790       8969   0.143215   0.012900 
   116.571   -174.857   0.278528      10574   0.127330   0.069213 
   174.857   -174.857   0.304173       5414   0.121535   0.118851 
   233.143   -174.857   0.285514      12004   0.134424   0.208013 
   291.429   -174.857   0.262953       6272   0.143317   0.250211 
   349.714   -174.857   0.230503       9864   0.196091   0.407434 
   408.000   -174.857   0.000000          0   0.000000   0.000000 
  -408.000   -116.571   0.000000          0   0.000000   0.000000 
  -349.714   -116.571   0.283016      10612   0.148398  -0.421925 
  -291.429   -116.571   0.352365       5456   0.134905  -0.307669 
  -233.143   -116.571   0.301005       8473   0.090502  -0.208509 
  -174.857   -116.571   0.320494       6967   0.080135  -0.138695 
  -116.571   -116.571   0.281860       9795   0.053817  -0.090938 
   -58.286   -116.571   0.312036       6381   0.093354  -0.079263 
     0.000   -116.571   0.287056      11289   0.054285   0.010140 
    58.286   -116.571   0.268565       8886   0.041028  -0.005026 
   116.571   -116.571   0.233759       5465   0.032281   0.057840 
   174.857   -116.571   0.298953       9338   0.051326   0.142335 
   233.143   -116.571   0.287352       8386   0.074273   0.180501 
   291.429   -116.571   0.283830       6433   0.068997   0.245148 
   349.714   -116.571   0.280340      13381   0.109543   0.407025 
   408.000   -116.571   0.000000          0   0.000000   0.000000 
  -408.000    -58.286   0.000000          0   0.000000   0.000000 
  -349.714    -58.286   0.289600      11897   0.043767  -0.420313 
  -291.429    -58.286   0.321987       7093   0.040522  -0.300501 
  -233.143    -58.286   0.314500       6024   0.045156  -0.178514 
  -174.857    -58.286   0.335650       8508   0.020484  -0.137688 
  -116.571    -58.286   0.280284       7632   0.042428  -0.096941 
   -58.286    -58.286   0.305213       7883   0.026869  -0.078898 
     0.000    -58.286   0.359652       7103   0.030410   0.046212 
    58.286    -58.286   0.344823       6362  -0.013986  -0.000502 
   116.571    -58.286   0.308321       6759   0.007111   0.073289 
   174.857    -58.286   0.255433      10130   0.036105   0.101577 
   233.143    -58.286   0.270922       6481   0.043359   0.154599 
   291.429    -58.286   0.312782       8036   0.062642   0.290787 
   349.714    -58.286   0.295491      12622   0.053478   0.438160 
   408.000    -58.286   0.000000          0   0.000000   0.000000 
  -408.000      0.000   0.000000          0   0.000000   0.000000 
  -349.714      0.000   0.308332      11613   0.029854  -0.433693 
  -291.429      0.000   0.299092       8524   0.000002  -0.278948 
  -233.143      0.000   0.279807       5991  -0.001182  -0.171410 
  -174.857      0.000   0.299525       9367   0.030456  -0.128404 
  -116.571      0.000   0.289977       8442   0.002911  -0.088301 
   -58.286      0.000   0.351538       5893   0.002544  -0.058723 
     0.000      0.000   0.287092      11875  -0.009439   0.019890 
    58.286      0.000   0.361529       4729   0.004026   0.057107 
   116.571      0.000   0.237628       6833  -0.023459   0.036053 
   174.857      0.000   0.295510       8318  -0.045839   0.135459 
   233.143      0.000   0.237726       6935  -0.046436   0.127728 
   291.429      0.000   0.274607      10003  -0.005965   0.244856 
   349.714      0.000   0.309269      11260  -0.000612   0.493717 
   408.000      0.000   0.000000          0   0.000000   0.000000 
  -408.000     58.286   0.000000          0   0.000000   0.000000 
  -349.714     58.286   0.268186      11252  -0.056738  -0.441138 
  -291.429     58.286   0.274575       8907  -0.034260  -0.239892 
  -233.143     58.286   0.262000       6954  -0.022789  -0.172317 
  -174.857     58.286   0.336298       9204  -0.044370  -0.143450 
  -116.571     58.286   0.298342       5533   0.000400  -0.090623 
   -58.286     58.286   0.282643       9848  -0.053942  -0.034730 
     0.000     58.286   0.349439       5386  -0.102604   0.044735 
    58.286     58.286   0.278269       9476  -0.022611   0.007820 
   116.571     58.286   0.317359       6795  -0.041717   0.079072 
   174.857     58.286   0.279245       8540  -0.032169   0.125896 
   233.143     58.286   0.313640       6419  -0.076602   0.204730 
   291.429     58.286   0.311788       7746  -0.078309   0.242438 
   349.714     58.286   0.315259      11830  -0.099156   0.456238 
   408.000     58.286   0.000000          0   0.000000   0.000000 
  -408.000    116.571   0.000000          0   0.000000   0.000000 
  -349.714    116.571   0.263414      10797  -0.160989  -0.455258 
  -291.429    116.571   0.251031       6156  -0.077191  -0.222398 
  -233.143    116.571   0.317255       7570  -0.133663  -0.244540 
  -174.857    116.571   0.340233       6133  -0.113298  -0.156060 
  -116.571    116.571   0.283565       9860  -0.073265  -0.063316 
   -58.286    116.571   0.277105       7556  -0.061127  -0.024948 
     0.000    116.571   0.354833       6315  -0.053097  -0.021313 
    58.286    116.571   0.305892       7072  -0.073702   0.037906 
   116.571    116.571   0.258170       8846  -0.071169   0.055292 
   174.857    116.571   0.264152       9000  -0.091434   0.128219 
   233.143    116.571   0.343323       9107  -0.092687   0.204169 
   291.429    116.571   0.270462       5967  -0.110022   0.231155 
   349.714    116.571   0.260322      10851  -0.129146   0.452667 
   408.000    116.571   0.000000          0   0.000000   0.000000 
  -408.000    174.857   0.000000          0   0.000000   0.000000 
  -349.714    174.857   0.248952       5112  -0.218297  -0.465776 
  -291.429    174.857   0.278232       9119  -0.193530  -0.321913 
  -233.143    174.857   0.300400       9021  -0.155872  -0.204300 
  -174.857    174.857   0.279476       8458  -0.142450  -0.132804 
  -116.571    174.857   0.280992       8002  -0.133379  -0.064343 
   -58.286    174.857   0.325222       8376  -0.117283  -0.051168 
     0.000    174.857   0.309800       8232  -0.144873  -0.004106 
    58.286    174.857   0.289380       9944  -0.122645   0.035718 
   116.571    174.857   0.330568       6674  -0.140544   0.092175 
   174.857    174.857   0.292734       8327  -0.107347   0.102176 
   233.143    174.857   0.362247       8775  -0.158094   0.259051 
   291.429    174.857   0.281728       8190  -0.190878   0.272096 
   349.714    174.857   0.315695       7156  -0.207308   0.419946 
   408.000    174.857   0.000000          0   0.000000   0.000000 
  -408.000    233.143   0.000000          0   0.000000   0.000000 
  -349.714    233.143   0.000000          0   0.000000   0.000000 
  -291.429    233.143   0.296429      12589  -0.266762  -0.347132 
  -233.143    233.143   0.374499       4770  -0.269060  -0.200695 
  -174.857    233.143   0.309264       8937  -0.199883  -0.171309 
  -116.571    233.143   0.304567       8484  -0.214721  -0.106362 
   -58.286    233.143   0.311244       6630  -0.208028  -0.048411 
     0.000    233.143   0.287806       6338  -0.189192   0.000973 
    58.286    233.143   0.310395       7147  -0.153887   0.043601 
   116.571    233.143   0.302874       9871  -0.195614   0.105140 
   174.857    233.143   0.352441       7750  -0.275930   0.187322 
   233.143    233.143   0.326529       6851  -0.203372   0.210801 
   291.429    233.143   0.298189      11906  -0.295767   0.334695 
   349.714    233.143   0.000000          0   0.000000   0.000000 
   408.000    233.143   0.000000          0   0.000000   0.000000 
  -408.000    291.429   0.000000          0   0.000000   0.000000 
  -349.714    291.429   0.000000          0   0.000000   0.000000 
  -291.429    291.429   0.243987         26  -0.283076  -0.436236 
  -233.143    291.429   0.310442      11792  -0.351735  -0.287956 
  -174.857    291.429   0.296358       8355  -0.344850  -0.202618 
  -116.571    291.429   0.307624       5247  -0.315322  -0.095412 
   -58.286    291.429   0.285600       9497  -0.242253  -0.042208 
     0.000    291.429   0.352824       8307  -0.281434   0.024024 
    58.286    291.429   0.295372       8163  -0.286244   0.026817 
   116.571    291.429   0.318869       5407  -0.293052   0.122788 
   174.857    291.429   0.341407       9925  -0.279833   0.160538 
   233.143    291.429   0.328398      11256  -0.366489   0.297860 
   291.429    291.429   0.262324        245  -0.371697   0.317069 
   349.714    291.429   0.000000          0   0.000000   0.000000 
   408.000    291.429   0.000000          0   0.000000   0.000000 
  -408.000    349.714   0.000000          0   0.000000   0.000000 
  -349.714    349.714   0.000000          0   0.000000   0.000000 
  -291.429    349.714   0.000000          0   0.000000   0.000000 
  -233.143    349.714   0.000000          0   0.000000   0.000000 
  -174.857    349.714   0.282374       5223  -0.453394  -0.242549 
  -116.571    349.714   0.285797      10505  -0.439902  -0.144387 
   -58.286    349.714   0.322835      11058  -0.448025  -0.057912 
     0.000    349.714   0.290427      12645  -0.403231  -0.003674 
    58.286    349.714   0.344894      11249  -0.444567   0.068076 
   116.571    349.714   0.316935      10798  -0.433029   0.147090 
   174.857    349.714   0.362796       5893  -0.415339   0.194162 
   233.143    349.714   0.000000          0   0.000000   0.000000 
   291.429    349.714   0.000000          0   0.000000   0.000000 
   349.714    349.714   0.000000          0   0.000000   0.000000 
   408.000    349.714   0.000000          0   0.000000   0.000000 
  -408.000    408.000   0.000000          0   0.000000   0.000000 
  -349.714    408.000   0.000000          0   0.000000   0.000000 
  -291.429    408.000   0.000000          0   0.000000   0.000000 
  -233.143    408.000   0.000000          0   0.000000   0.000000 
  -174.857    408.000   0.000000          0   0.000000   0.000000 
  -116.571    408.000   0.000000          0   0.000000   0.000000 
   -58.286    408.000   0.000000          0   0.000000   0.000000 
     0.000    408.000   0.000000          0   0.000000   0.000000 
    58.286    408.000   0.000000          0   0.000000   0.000000 
   116.571    408.000   0.000000          0   0.000000   0.000000 
   174.857    408.000   0.000000          0   0.000000   0.000000 
   233.143    408.000   0.000000          0   0.000000   0.000000 
   291.429    408.000   0.000000          0   0.000000   0.000000 
   349.714    408.000   0.000000          0   0.000000   0.000000 
   408.000    408.000   0.000000          0   0.000000   0.000000 
