    X          Y          T         n          ux         uy    
  -408.000   -408.000   0.000000          0   0.000000   0.000000 
  -349.714   -408.000   0.000000          0   0.000000   0.000000 
  -291.429   -408.000   0.000000          0   0.000000   0.000000 
  -233.143   -408.000   0.000000          0   0.000000   0.000000 
  -174.857   -408.000   0.000000          0   0.000000   0.000000 
  -116.571   -408.000   0.000000          0   0.000000   0.000000 
   -58.286   -408.000   0.000000          0   0.000000   0.000000 
     0.000   -408.000   0.000000          0   0.000000   0.000000 
    58.286   -408.000   0.000000          0   0.000000   0.000000 
   116.571   -408.000   0.000000          0   0.000000   0.000000 
   174.857   -408.000   0.000000          0   0.000000   0.000000 
   233.143   -408.000   0.000000          0   0.000000   0.000000 
   291.429   -408.000   0.000000          0   0.000000   0.000000 
   349.714   -408.000   0.000000          0   0.000000   0.000000 
   408.000   -408.000   0.000000          0   0.000000   0.000000 
  -408.000   -349.714   0.000000          0   0.000000   0.000000 
  -349.714   -349.714   0.000000          0   0.000000   0.000000 
  -291.429   -349.714   0.000000          0   0.000000   0.000000 
  -233.143   -349.714   0.000000          0   0.000000   0.000000 
  -174.857   -349.714   0.113873        145   0.423509  -0.038489 
  -116.571   -349.714   0.121511        617   0.194497  -0.087825 
   -58.286   -349.714   0.183287        687   0.373134  -0.117728 
     0.000   -349.714   0.197801       1443   0.270862   0.004846 
    58.286   -349.714   0.267135       2124   0.202791  -0.005740 
   116.571   -349.714   0.283311       2235   0.220789   0.043403 
   174.857   -349.714   0.210803       1918   0.096588   0.038192 
   233.143   -349.714   0.185029         72  -0.035289  -0.012344 
   291.429   -349.714   0.000000          0   0.000000   0.000000 
   349.714   -349.714   0.000000          0   0.000000   0.000000 
   408.000   -349.714   0.000000          0   0.000000   0.000000 
  -408.000   -291.429   0.000000          0   0.000000   0.000000 
  -349.714   -291.429   0.000000          0   0.000000   0.000000 
  -291.429   -291.429   0.000000          0   0.000000   0.000000 
  -233.143   -291.429   0.259251        541   0.162412  -0.123385 
  -174.857   -291.429   0.212035       1663   0.110908  -0.103744 
  -116.571   -291.429   0.177988       2550   0.169905  -0.043254 
   -58.286   -291.429   0.229035       2787   0.113208  -0.058549 
     0.000   -291.429   0.225835       3015   0.166763  -0.100303 
    58.286   -291.429   0.227221       4950   0.087865   0.024310 
   116.571   -291.429   0.248833       3539   0.078899   0.027241 
   174.857   -291.429   0.224262       5112   0.068565   0.055385 
   233.143   -291.429   0.195741       6766   0.068608   0.034732 
   291.429   -291.429   0.161667        577   0.130834   0.119106 
   349.714   -291.429   0.000000          0   0.000000   0.000000 
   408.000   -291.429   0.000000          0   0.000000   0.000000 
  -408.000   -233.143   0.000000          0   0.000000   0.000000 
  -349.714   -233.143   0.000000          0   0.000000   0.000000 
  -291.429   -233.143   0.195522        843   0.139977  -0.182813 
  -233.143   -233.143   0.207949       2182   0.173032  -0.083286 
  -174.857   -233.143   0.220584       2681   0.164095  -0.078423 
  -116.571   -233.143   0.231960       2869   0.028349  -0.043562 
   -58.286   -233.143   0.258727       3609   0.057846  -0.038996 
     0.000   -233.143   0.269311       2344   0.019249  -0.045490 
    58.286   -233.143   0.224096       5392   0.031613  -0.009412 
   116.571   -233.143   0.238028       4896   0.048632   0.028733 
   174.857   -233.143   0.263694       4002   0.074902   0.015000 
   233.143   -233.143   0.204408       5203   0.042717   0.018918 
   291.429   -233.143   0.223425       5818   0.087959   0.101920 
   349.714   -233.143   0.338725        113   0.042662   0.053422 
   408.000   -233.143   0.000000          0   0.000000   0.000000 
  -408.000   -174.857   0.000000          0   0.000000   0.000000 
  -349.714   -174.857   0.130032         52   0.210243  -0.698369 
  -291.429   -174.857   0.208999       1203   0.136343  -0.211986 
  -233.143   -174.857   0.199663       2647   0.058627  -0.150270 
  -174.857   -174.857   0.297067       2151   0.076055  -0.053153 
  -116.571   -174.857   0.295482       3980   0.088328  -0.000121 
   -58.286   -174.857   0.296342       5041   0.074700  -0.060023 
     0.000   -174.857   0.262230       2907   0.089258  -0.016780 
    58.286   -174.857   0.259340       4655  -0.001232   0.027066 
   116.571   -174.857   0.261235       5102   0.015270  -0.005582 
   174.857   -174.857   0.254149       7343   0.028023   0.005039 
   233.143   -174.857   0.251545       5975   0.057441   0.024927 
   291.429   -174.857   0.223006       4811   0.056290   0.051608 
   349.714   -174.857   0.216686       4776   0.071385   0.127681 
   408.000   -174.857   0.000000          0   0.000000   0.000000 
  -408.000   -116.571   0.000000          0   0.000000   0.000000 
  -349.714   -116.571   0.215210        193   0.271230  -0.552684 
  -291.429   -116.571   0.291882       1884   0.004697  -0.198324 
  -233.143   -116.571   0.234592       3389   0.018107  -0.101115 
  -174.857   -116.571   0.238294       4747   0.021831  -0.057047 
  -116.571   -116.571   0.255611       3963   0.083999  -0.055063 
   -58.286   -116.571   0.302909       5058   0.045812  -0.014580 
     0.000   -116.571   0.231082       6171   0.002381   0.028051 
    58.286   -116.571   0.265376       4736   0.014561   0.008241 
   116.571   -116.571   0.266717       5794   0.035444  -0.009560 
   174.857   -116.571   0.293049       4439   0.025876  -0.019036 
   233.143   -116.571   0.286462       4902   0.056929   0.013379 
   291.429   -116.571   0.266718       4092  -0.011228   0.103312 
   349.714   -116.571   0.208848       4717   0.008833   0.162018 
   408.000   -116.571   0.000000          0   0.000000   0.000000 
  -408.000    -58.286   0.000000          0   0.000000   0.000000 
  -349.714    -58.286   0.269953        993   0.085107  -0.237816 
  -291.429    -58.286   0.221525       3506   0.090297  -0.126606 
  -233.143    -58.286   0.211658       3841   0.055407  -0.088520 
  -174.857    -58.286   0.273894       3934   0.078473  -0.111625 
  -116.571    -58.286   0.254065       5862   0.062930  -0.021132 
   -58.286    -58.286   0.293862       3962   0.013343   0.083522 
     0.000    -58.286   0.296791       4002   0.000218   0.005286 
    58.286    -58.286   0.291954       5887   0.006172   0.016291 
   116.571    -58.286   0.278279       5622  -0.001996  -0.038146 
   174.857    -58.286   0.301677       4522   0.001539   0.012000 
   233.143    -58.286   0.228151       5407  -0.035970   0.025671 
   291.429    -58.286   0.274348       4323  -0.054080   0.112892 
   349.714    -58.286   0.220935       5563  -0.016162   0.093783 
   408.000    -58.286   0.273458        237   0.010708   0.234240 
  -408.000      0.000   0.000000          0   0.000000   0.000000 
  -349.714      0.000   0.278955       1661  -0.055909  -0.202591 
  -291.429      0.000   0.281128       2856  -0.073381  -0.108363 
  -233.143      0.000   0.264432       4615  -0.007191  -0.098369 
  -174.857      0.000   0.287220       4505  -0.041071  -0.099853 
  -116.571      0.000   0.320590       5948  -0.049792  -0.004008 
   -58.286      0.000   0.310024       5496  -0.013769   0.031159 
     0.000      0.000   0.290001       6013   0.015204   0.001951 
    58.286      0.000   0.338212       4837   0.047560   0.038245 
   116.571      0.000   0.303351       5684  -0.001267  -0.031039 
   174.857      0.000   0.303432       5912   0.002807   0.021538 
   233.143      0.000   0.224920       5113  -0.045373   0.055130 
   291.429      0.000   0.288649       4390   0.012100   0.112792 
   349.714      0.000   0.286008       4507  -0.011602   0.069220 
   408.000      0.000   0.185373        785  -0.006218   0.061920 
  -408.000     58.286   0.000000          0   0.000000   0.000000 
  -349.714     58.286   0.246188       2309   0.045309  -0.131685 
  -291.429     58.286   0.240990       4252   0.032948  -0.065555 
  -233.143     58.286   0.253546       6471   0.024439  -0.091406 
  -174.857     58.286   0.244702       5111   0.043387  -0.060455 
  -116.571     58.286   0.355495       4595   0.006773  -0.022855 
   -58.286     58.286   0.359605       5771   0.034177   0.037046 
     0.000     58.286   0.351449       6579  -0.005456  -0.021116 
    58.286     58.286   0.305348       5209  -0.046138   0.041182 
   116.571     58.286   0.313309       5629  -0.062035   0.002196 
   174.857     58.286   0.278322       6030  -0.071674   0.059406 
   233.143     58.286   0.265678       4955  -0.074045   0.028132 
   291.429     58.286   0.343893       3734  -0.033173   0.068480 
   349.714     58.286   0.267447       3279  -0.009342   0.091635 
   408.000     58.286   0.144413        243  -0.018069   0.255910 
  -408.000    116.571   0.000000          0   0.000000   0.000000 
  -349.714    116.571   0.224354       2053  -0.055334  -0.150427 
  -291.429    116.571   0.216015       5328  -0.016710  -0.097626 
  -233.143    116.571   0.285842       5154   0.000970  -0.112228 
  -174.857    116.571   0.286638       4011  -0.003787   0.016012 
  -116.571    116.571   0.323699       6290  -0.020804  -0.037341 
   -58.286    116.571   0.335249       7321  -0.017483   0.020853 
     0.000    116.571   0.324190       5727  -0.021829   0.011532 
    58.286    116.571   0.317407       5868  -0.004008   0.053254 
   116.571    116.571   0.293604       6961   0.025038   0.004113 
   174.857    116.571   0.339447       5544  -0.011849   0.050751 
   233.143    116.571   0.281549       5673   0.019740  -0.022738 
   291.429    116.571   0.357757       4095   0.007463   0.091899 
   349.714    116.571   0.328078       2612  -0.025912   0.125318 
   408.000    116.571   0.000000          0   0.000000   0.000000 
  -408.000    174.857   0.000000          0   0.000000   0.000000 
  -349.714    174.857   0.203482        406  -0.060905  -0.211746 
  -291.429    174.857   0.232271       4492  -0.029635  -0.167501 
  -233.143    174.857   0.255208       3733  -0.054389  -0.112108 
  -174.857    174.857   0.322445       6173  -0.006665  -0.025666 
  -116.571    174.857   0.345851       3577  -0.049010  -0.021418 
   -58.286    174.857   0.316291       5073   0.009000   0.043296 
     0.000    174.857   0.327564       5594  -0.020843   0.064444 
    58.286    174.857   0.323337       5452  -0.022914  -0.012131 
   116.571    174.857   0.376265       3694  -0.059728   0.049773 
   174.857    174.857   0.300660       6184  -0.002263   0.044462 
   233.143    174.857   0.277503       4464  -0.010826  -0.009626 
   291.429    174.857   0.386158       3447  -0.066681   0.057370 
   349.714    174.857   0.420940       1153  -0.105111   0.280925 
   408.000    174.857   0.000000          0   0.000000   0.000000 
  -408.000    233.143   0.000000          0   0.000000   0.000000 
  -349.714    233.143   0.000000          0   0.000000   0.000000 
  -291.429    233.143   0.229871       3078  -0.119614  -0.135716 
  -233.143    233.143   0.256713       6515  -0.056262  -0.105502 
  -174.857    233.143   0.284578       4166  -0.078310  -0.031298 
  -116.571    233.143   0.315350       5280  -0.017687   0.023307 
   -58.286    233.143   0.332394       5445  -0.083836  -0.024790 
     0.000    233.143   0.323142       5326  -0.017781   0.047848 
    58.286    233.143   0.349068       6626  -0.001665   0.008325 
   116.571    233.143   0.317184       6762  -0.001649   0.026264 
   174.857    233.143   0.333492       4709   0.000441   0.001063 
   233.143    233.143   0.316610       3270  -0.032212   0.072781 
   291.429    233.143   0.247785       6105  -0.040227   0.072877 
   349.714    233.143   0.213951        182  -0.062676   0.112440 
   408.000    233.143   0.000000          0   0.000000   0.000000 
  -408.000    291.429   0.000000          0   0.000000   0.000000 
  -349.714    291.429   0.000000          0   0.000000   0.000000 
  -291.429    291.429   0.000000          0   0.000000   0.000000 
  -233.143    291.429   0.232844       4291  -0.150134  -0.109842 
  -174.857    291.429   0.264310       6019  -0.134013  -0.089052 
  -116.571    291.429   0.301650       4641  -0.121075   0.023330 
   -58.286    291.429   0.333262       5231  -0.069512   0.016480 
     0.000    291.429   0.319238       3824  -0.059666   0.005669 
    58.286    291.429   0.380966       4880  -0.071012  -0.000753 
   116.571    291.429   0.369665       5159  -0.036509   0.013414 
   174.857    291.429   0.334151       6453  -0.058614   0.043889 
   233.143    291.429   0.209361       7074  -0.069937   0.050747 
   291.429    291.429   0.225258        484  -0.159307   0.085668 
   349.714    291.429   0.000000          0   0.000000   0.000000 
   408.000    291.429   0.000000          0   0.000000   0.000000 
  -408.000    349.714   0.000000          0   0.000000   0.000000 
  -349.714    349.714   0.000000          0   0.000000   0.000000 
  -291.429    349.714   0.000000          0   0.000000   0.000000 
  -233.143    349.714   0.000000          0   0.000000   0.000000 
  -174.857    349.714   0.282860       1320  -0.209856  -0.114257 
  -116.571    349.714   0.249592       2940  -0.202248  -0.047179 
   -58.286    349.714   0.303330       4131  -0.161046  -0.016431 
     0.000    349.714   0.307001       6425  -0.108156   0.017776 
    58.286    349.714   0.350687       6563  -0.097508  -0.015058 
   116.571    349.714   0.322628       4767  -0.132756   0.030116 
   174.857    349.714   0.345218       3111  -0.108375   0.052141 
   233.143    349.714   0.075318         48   0.129357  -0.014280 
   291.429    349.714   0.000000          0   0.000000   0.000000 
   349.714    349.714   0.000000          0   0.000000   0.000000 
   408.000    349.714   0.000000          0   0.000000   0.000000 
  -408.000    408.000   0.000000          0   0.000000   0.000000 
  -349.714    408.000   0.000000          0   0.000000   0.000000 
  -291.429    408.000   0.000000          0   0.000000   0.000000 
  -233.143    408.000   0.000000          0   0.000000   0.000000 
  -174.857    408.000   0.000000          0   0.000000   0.000000 
  -116.571    408.000   0.000000          0   0.000000   0.000000 
   -58.286    408.000   0.000000          0   0.000000   0.000000 
     0.000    408.000   0.000000          0   0.000000   0.000000 
    58.286    408.000   0.000000          0   0.000000   0.000000 
   116.571    408.000   0.000000          0   0.000000   0.000000 
   174.857    408.000   0.000000          0   0.000000   0.000000 
   233.143    408.000   0.000000          0   0.000000   0.000000 
   291.429    408.000   0.000000          0   0.000000   0.000000 
   349.714    408.000   0.000000          0   0.000000   0.000000 
   408.000    408.000   0.000000          0   0.000000   0.000000 
