    X          Y          T         n          ux         uy    
  -408.000   -408.000   0.000000          0   0.000000   0.000000 
  -349.714   -408.000   0.000000          0   0.000000   0.000000 
  -291.429   -408.000   0.000000          0   0.000000   0.000000 
  -233.143   -408.000   0.000000          0   0.000000   0.000000 
  -174.857   -408.000   0.000000          0   0.000000   0.000000 
  -116.571   -408.000   0.000000          0   0.000000   0.000000 
   -58.286   -408.000   0.000000          0   0.000000   0.000000 
     0.000   -408.000   0.000000          0   0.000000   0.000000 
    58.286   -408.000   0.000000          0   0.000000   0.000000 
   116.571   -408.000   0.000000          0   0.000000   0.000000 
   174.857   -408.000   0.000000          0   0.000000   0.000000 
   233.143   -408.000   0.000000          0   0.000000   0.000000 
   291.429   -408.000   0.000000          0   0.000000   0.000000 
   349.714   -408.000   0.000000          0   0.000000   0.000000 
   408.000   -408.000   0.000000          0   0.000000   0.000000 
  -408.000   -349.714   0.000000          0   0.000000   0.000000 
  -349.714   -349.714   0.000000          0   0.000000   0.000000 
  -291.429   -349.714   0.000000          0   0.000000   0.000000 
  -233.143   -349.714   0.000000          0   0.000000   0.000000 
  -174.857   -349.714   0.000000          0   0.000000   0.000000 
  -116.571   -349.714   0.000000          0   0.000000   0.000000 
   -58.286   -349.714   0.000000          0   0.000000   0.000000 
     0.000   -349.714   0.000000          0   0.000000   0.000000 
    58.286   -349.714   0.000000          0   0.000000   0.000000 
   116.571   -349.714   0.104874        193   0.169819   0.003311 
   174.857   -349.714   0.000000          0   0.000000   0.000000 
   233.143   -349.714   0.000000          0   0.000000   0.000000 
   291.429   -349.714   0.000000          0   0.000000   0.000000 
   349.714   -349.714   0.000000          0   0.000000   0.000000 
   408.000   -349.714   0.000000          0   0.000000   0.000000 
  -408.000   -291.429   0.000000          0   0.000000   0.000000 
  -349.714   -291.429   0.000000          0   0.000000   0.000000 
  -291.429   -291.429   0.000000          0   0.000000   0.000000 
  -233.143   -291.429   0.000000          0   0.000000   0.000000 
  -174.857   -291.429   0.000000          0   0.000000   0.000000 
  -116.571   -291.429   0.000000          0   0.000000   0.000000 
   -58.286   -291.429   0.000000          0   0.000000   0.000000 
     0.000   -291.429   0.000000          0   0.000000   0.000000 
    58.286   -291.429   0.047482         13   0.006678   0.050827 
   116.571   -291.429   0.127586        220   0.013355  -0.306347 
   174.857   -291.429   0.105887        382   0.283143   0.140248 
   233.143   -291.429   0.198151        722   0.015659   0.040554 
   291.429   -291.429   0.124346        213   0.069024  -0.055755 
   349.714   -291.429   0.000000          0   0.000000   0.000000 
   408.000   -291.429   0.000000          0   0.000000   0.000000 
  -408.000   -233.143   0.000000          0   0.000000   0.000000 
  -349.714   -233.143   0.000000          0   0.000000   0.000000 
  -291.429   -233.143   0.000000          0   0.000000   0.000000 
  -233.143   -233.143   0.000000          0   0.000000   0.000000 
  -174.857   -233.143   0.000000          0   0.000000   0.000000 
  -116.571   -233.143   0.000000          0   0.000000   0.000000 
   -58.286   -233.143   0.000000          0   0.000000   0.000000 
     0.000   -233.143   0.120322        562   0.038123  -0.081199 
    58.286   -233.143   0.133958        343   0.114210   0.031394 
   116.571   -233.143   0.151678       1011   0.045663  -0.067025 
   174.857   -233.143   0.179539        776   0.067748  -0.082993 
   233.143   -233.143   0.170462       2190   0.073729   0.043221 
   291.429   -233.143   0.164914        726  -0.047997   0.101116 
   349.714   -233.143   0.000000          0   0.000000   0.000000 
   408.000   -233.143   0.000000          0   0.000000   0.000000 
  -408.000   -174.857   0.000000          0   0.000000   0.000000 
  -349.714   -174.857   0.000000          0   0.000000   0.000000 
  -291.429   -174.857   0.000000          0   0.000000   0.000000 
  -233.143   -174.857   0.000000          0   0.000000   0.000000 
  -174.857   -174.857   0.000000          0   0.000000   0.000000 
  -116.571   -174.857   0.000000          0   0.000000   0.000000 
   -58.286   -174.857   0.104354        404   0.070929   0.003754 
     0.000   -174.857   0.139916       2266   0.027660  -0.023819 
    58.286   -174.857   0.092381       2747  -0.015166   0.026389 
   116.571   -174.857   0.177348       1871  -0.060797  -0.034881 
   174.857   -174.857   0.123846       3429  -0.038637  -0.007626 
   233.143   -174.857   0.148527       4355  -0.024026   0.015752 
   291.429   -174.857   0.125212       1784   0.003702   0.002774 
   349.714   -174.857   0.048452        227  -0.001456  -0.097437 
   408.000   -174.857   0.000000          0   0.000000   0.000000 
  -408.000   -116.571   0.000000          0   0.000000   0.000000 
  -349.714   -116.571   0.000000          0   0.000000   0.000000 
  -291.429   -116.571   0.000000          0   0.000000   0.000000 
  -233.143   -116.571   0.000000          0   0.000000   0.000000 
  -174.857   -116.571   0.000000          0   0.000000   0.000000 
  -116.571   -116.571   0.054224         75  -0.227393   0.148978 
   -58.286   -116.571   0.147370        504  -0.187089  -0.054237 
     0.000   -116.571   0.147710       2440  -0.004891  -0.016336 
    58.286   -116.571   0.114564       2858  -0.007199   0.006394 
   116.571   -116.571   0.181206       2716   0.018724  -0.000381 
   174.857   -116.571   0.142143       3890   0.024778   0.006775 
   233.143   -116.571   0.169459       2192  -0.059003   0.032314 
   291.429   -116.571   0.118122       1757  -0.015274  -0.002563 
   349.714   -116.571   0.000000          0   0.000000   0.000000 
   408.000   -116.571   0.000000          0   0.000000   0.000000 
  -408.000    -58.286   0.000000          0   0.000000   0.000000 
  -349.714    -58.286   0.000000          0   0.000000   0.000000 
  -291.429    -58.286   0.000000          0   0.000000   0.000000 
  -233.143    -58.286   0.000000          0   0.000000   0.000000 
  -174.857    -58.286   0.087618        359   0.015772  -0.040497 
  -116.571    -58.286   0.103065        574  -0.054874   0.123272 
   -58.286    -58.286   0.084791       2121  -0.000228   0.066471 
     0.000    -58.286   0.161690       2268  -0.096046  -0.081376 
    58.286    -58.286   0.110184       3765  -0.028555   0.014009 
   116.571    -58.286   0.131851       2674  -0.036471  -0.017693 
   174.857    -58.286   0.137741       2367  -0.101596   0.016624 
   233.143    -58.286   0.158847       1520   0.001938  -0.035302 
   291.429    -58.286   0.051126         72   0.330103  -0.225530 
   349.714    -58.286   0.000000          0   0.000000   0.000000 
   408.000    -58.286   0.000000          0   0.000000   0.000000 
  -408.000      0.000   0.000000          0   0.000000   0.000000 
  -349.714      0.000   0.000000          0   0.000000   0.000000 
  -291.429      0.000   0.000000          0   0.000000   0.000000 
  -233.143      0.000   0.000000          0   0.000000   0.000000 
  -174.857      0.000   0.128995        419  -0.037962   0.056193 
  -116.571      0.000   0.092886       1656  -0.065881   0.084999 
   -58.286      0.000   0.122808       2380  -0.044045   0.002561 
     0.000      0.000   0.194041       2925  -0.047165   0.001658 
    58.286      0.000   0.156904       5270  -0.010246   0.005400 
   116.571      0.000   0.155315       5659  -0.013974  -0.009294 
   174.857      0.000   0.155545       4387  -0.015428  -0.006490 
   233.143      0.000   0.129515       2591  -0.047279  -0.010390 
   291.429      0.000   0.107387       1226  -0.029260  -0.047287 
   349.714      0.000   0.000000          0   0.000000   0.000000 
   408.000      0.000   0.000000          0   0.000000   0.000000 
  -408.000     58.286   0.000000          0   0.000000   0.000000 
  -349.714     58.286   0.088805        212   0.077001  -0.198877 
  -291.429     58.286   0.071775        384   0.143301  -0.019223 
  -233.143     58.286   0.100469       1077   0.095208  -0.001551 
  -174.857     58.286   0.122804       1486   0.095202   0.068105 
  -116.571     58.286   0.133845       2702   0.002507   0.075633 
   -58.286     58.286   0.144518       3262  -0.084096   0.033588 
     0.000     58.286   0.120681       4913  -0.056380   0.003119 
    58.286     58.286   0.169707       4383  -0.071931  -0.032486 
   116.571     58.286   0.174369       3095  -0.024533   0.003677 
   174.857     58.286   0.158741       3600   0.009173  -0.024316 
   233.143     58.286   0.136718       2393   0.009841  -0.023992 
   291.429     58.286   0.105085        883  -0.019578  -0.091296 
   349.714     58.286   0.000000          0   0.000000   0.000000 
   408.000     58.286   0.000000          0   0.000000   0.000000 
  -408.000    116.571   0.000000          0   0.000000   0.000000 
  -349.714    116.571   0.116973        268  -0.057620  -0.051593 
  -291.429    116.571   0.153837        934  -0.009876  -0.082380 
  -233.143    116.571   0.145804       3323  -0.018375  -0.004900 
  -174.857    116.571   0.136590       4311  -0.051585   0.055284 
  -116.571    116.571   0.121364       3930  -0.033045   0.069453 
   -58.286    116.571   0.173074       4817  -0.025902   0.037363 
     0.000    116.571   0.145328       4785  -0.003470   0.008503 
    58.286    116.571   0.140593       7738   0.013887  -0.020604 
   116.571    116.571   0.152912       4681   0.019765  -0.068850 
   174.857    116.571   0.175470       3760   0.009711   0.008353 
   233.143    116.571   0.157315       2134   0.064537  -0.049089 
   291.429    116.571   0.121573        811   0.066908  -0.045240 
   349.714    116.571   0.000000          0   0.000000   0.000000 
   408.000    116.571   0.000000          0   0.000000   0.000000 
  -408.000    174.857   0.000000          0   0.000000   0.000000 
  -349.714    174.857   0.000000          0   0.000000   0.000000 
  -291.429    174.857   0.134903        722  -0.049882  -0.072434 
  -233.143    174.857   0.097460       2757   0.001420   0.009156 
  -174.857    174.857   0.127721       4611   0.022788   0.030314 
  -116.571    174.857   0.138714       3030   0.053385   0.064662 
   -58.286    174.857   0.149089       4081   0.058607   0.042663 
     0.000    174.857   0.173880       4094   0.054858  -0.013180 
    58.286    174.857   0.131681       3996   0.041040  -0.040282 
   116.571    174.857   0.157612       5395  -0.009790  -0.050912 
   174.857    174.857   0.153070       3856   0.046568  -0.006185 
   233.143    174.857   0.176632       2052   0.049863  -0.031670 
   291.429    174.857   0.170885        687   0.077944   0.126052 
   349.714    174.857   0.167790         58  -0.007686  -0.057594 
   408.000    174.857   0.000000          0   0.000000   0.000000 
  -408.000    233.143   0.000000          0   0.000000   0.000000 
  -349.714    233.143   0.000000          0   0.000000   0.000000 
  -291.429    233.143   0.314036        102  -0.070419  -0.282086 
  -233.143    233.143   0.097271       3226  -0.020056  -0.027742 
  -174.857    233.143   0.115661       2630   0.034359   0.016066 
  -116.571    233.143   0.121089       4387   0.042723   0.029939 
   -58.286    233.143   0.114189       4783   0.065358   0.023269 
     0.000    233.143   0.136246       5668   0.019442   0.030784 
    58.286    233.143   0.169667       5106   0.018820  -0.009085 
   116.571    233.143   0.117636       6551   0.017017  -0.040894 
   174.857    233.143   0.141163       3597   0.000601  -0.019807 
   233.143    233.143   0.188824       1850  -0.057743  -0.027770 
   291.429    233.143   0.152494        745  -0.081563   0.141351 
   349.714    233.143   0.000000          0   0.000000   0.000000 
   408.000    233.143   0.000000          0   0.000000   0.000000 
  -408.000    291.429   0.000000          0   0.000000   0.000000 
  -349.714    291.429   0.000000          0   0.000000   0.000000 
  -291.429    291.429   0.000000          0   0.000000   0.000000 
  -233.143    291.429   0.090128        529  -0.034357  -0.027883 
  -174.857    291.429   0.092824        906  -0.141640  -0.117201 
  -116.571    291.429   0.120958       2010  -0.049008   0.080171 
   -58.286    291.429   0.133366       1004  -0.034299  -0.069161 
     0.000    291.429   0.148410       2620   0.072885   0.049727 
    58.286    291.429   0.111063       4897   0.074552  -0.022851 
   116.571    291.429   0.110221       4052   0.037324  -0.017466 
   174.857    291.429   0.167205       1752  -0.003231   0.017745 
   233.143    291.429   0.193195       1473  -0.003818   0.025701 
   291.429    291.429   0.518041         14  -0.004069  -0.243338 
   349.714    291.429   0.000000          0   0.000000   0.000000 
   408.000    291.429   0.000000          0   0.000000   0.000000 
  -408.000    349.714   0.000000          0   0.000000   0.000000 
  -349.714    349.714   0.000000          0   0.000000   0.000000 
  -291.429    349.714   0.000000          0   0.000000   0.000000 
  -233.143    349.714   0.000000          0   0.000000   0.000000 
  -174.857    349.714   0.284065         46  -0.323698  -0.011530 
  -116.571    349.714   0.019661        127   0.164423  -0.000687 
   -58.286    349.714   0.000000          0   0.000000   0.000000 
     0.000    349.714   0.141358        683  -0.013817  -0.025895 
    58.286    349.714   0.123020       1958  -0.072803  -0.021178 
   116.571    349.714   0.151931        620  -0.070546   0.048238 
   174.857    349.714   0.064534        134  -0.351115  -0.000989 
   233.143    349.714   0.000000          0   0.000000   0.000000 
   291.429    349.714   0.000000          0   0.000000   0.000000 
   349.714    349.714   0.000000          0   0.000000   0.000000 
   408.000    349.714   0.000000          0   0.000000   0.000000 
  -408.000    408.000   0.000000          0   0.000000   0.000000 
  -349.714    408.000   0.000000          0   0.000000   0.000000 
  -291.429    408.000   0.000000          0   0.000000   0.000000 
  -233.143    408.000   0.000000          0   0.000000   0.000000 
  -174.857    408.000   0.000000          0   0.000000   0.000000 
  -116.571    408.000   0.000000          0   0.000000   0.000000 
   -58.286    408.000   0.000000          0   0.000000   0.000000 
     0.000    408.000   0.000000          0   0.000000   0.000000 
    58.286    408.000   0.000000          0   0.000000   0.000000 
   116.571    408.000   0.000000          0   0.000000   0.000000 
   174.857    408.000   0.000000          0   0.000000   0.000000 
   233.143    408.000   0.000000          0   0.000000   0.000000 
   291.429    408.000   0.000000          0   0.000000   0.000000 
   349.714    408.000   0.000000          0   0.000000   0.000000 
   408.000    408.000   0.000000          0   0.000000   0.000000 
