    X          Y          T         n          ux         uy    
  -408.000   -408.000   0.000000          0   0.000000   0.000000 
  -349.714   -408.000   0.000000          0   0.000000   0.000000 
  -291.429   -408.000   0.000000          0   0.000000   0.000000 
  -233.143   -408.000   0.000000          0   0.000000   0.000000 
  -174.857   -408.000   0.000000          0   0.000000   0.000000 
  -116.571   -408.000   0.000000          0   0.000000   0.000000 
   -58.286   -408.000   0.000000          0   0.000000   0.000000 
     0.000   -408.000   0.000000          0   0.000000   0.000000 
    58.286   -408.000   0.000000          0   0.000000   0.000000 
   116.571   -408.000   0.000000          0   0.000000   0.000000 
   174.857   -408.000   0.000000          0   0.000000   0.000000 
   233.143   -408.000   0.000000          0   0.000000   0.000000 
   291.429   -408.000   0.000000          0   0.000000   0.000000 
   349.714   -408.000   0.000000          0   0.000000   0.000000 
   408.000   -408.000   0.000000          0   0.000000   0.000000 
  -408.000   -349.714   0.000000          0   0.000000   0.000000 
  -349.714   -349.714   0.000000          0   0.000000   0.000000 
  -291.429   -349.714   0.000000          0   0.000000   0.000000 
  -233.143   -349.714   0.000000          0   0.000000   0.000000 
  -174.857   -349.714   0.000000          0   0.000000   0.000000 
  -116.571   -349.714   0.000000          0   0.000000   0.000000 
   -58.286   -349.714   0.000000          0   0.000000   0.000000 
     0.000   -349.714   0.000000          0   0.000000   0.000000 
    58.286   -349.714   0.000000          0   0.000000   0.000000 
   116.571   -349.714   0.000000          0   0.000000   0.000000 
   174.857   -349.714   0.000000          0   0.000000   0.000000 
   233.143   -349.714   0.000000          0   0.000000   0.000000 
   291.429   -349.714   0.000000          0   0.000000   0.000000 
   349.714   -349.714   0.000000          0   0.000000   0.000000 
   408.000   -349.714   0.000000          0   0.000000   0.000000 
  -408.000   -291.429   0.000000          0   0.000000   0.000000 
  -349.714   -291.429   0.000000          0   0.000000   0.000000 
  -291.429   -291.429   0.000000          0   0.000000   0.000000 
  -233.143   -291.429   0.000000          0   0.000000   0.000000 
  -174.857   -291.429   0.000000          0   0.000000   0.000000 
  -116.571   -291.429   0.000000          0   0.000000   0.000000 
   -58.286   -291.429   0.000000          0   0.000000   0.000000 
     0.000   -291.429   0.000000          0   0.000000   0.000000 
    58.286   -291.429   0.000000          0   0.000000   0.000000 
   116.571   -291.429   0.000000          0   0.000000   0.000000 
   174.857   -291.429   0.000000          0   0.000000   0.000000 
   233.143   -291.429   0.000000          0   0.000000   0.000000 
   291.429   -291.429   0.000000          0   0.000000   0.000000 
   349.714   -291.429   0.000000          0   0.000000   0.000000 
   408.000   -291.429   0.000000          0   0.000000   0.000000 
  -408.000   -233.143   0.000000          0   0.000000   0.000000 
  -349.714   -233.143   0.000000          0   0.000000   0.000000 
  -291.429   -233.143   0.000000          0   0.000000   0.000000 
  -233.143   -233.143   0.000000          0   0.000000   0.000000 
  -174.857   -233.143   0.000000          0   0.000000   0.000000 
  -116.571   -233.143   0.000000          0   0.000000   0.000000 
   -58.286   -233.143   0.000000          0   0.000000   0.000000 
     0.000   -233.143   0.000000          0   0.000000   0.000000 
    58.286   -233.143   0.000000          0   0.000000   0.000000 
   116.571   -233.143   0.000000          0   0.000000   0.000000 
   174.857   -233.143   0.000000          0   0.000000   0.000000 
   233.143   -233.143   0.000000          0   0.000000   0.000000 
   291.429   -233.143   0.000000          0   0.000000   0.000000 
   349.714   -233.143   0.000000          0   0.000000   0.000000 
   408.000   -233.143   0.000000          0   0.000000   0.000000 
  -408.000   -174.857   0.000000          0   0.000000   0.000000 
  -349.714   -174.857   0.000000          0   0.000000   0.000000 
  -291.429   -174.857   0.000000          0   0.000000   0.000000 
  -233.143   -174.857   0.000000          0   0.000000   0.000000 
  -174.857   -174.857   0.000000          0   0.000000   0.000000 
  -116.571   -174.857   0.000000          0   0.000000   0.000000 
   -58.286   -174.857   0.000000          0   0.000000   0.000000 
     0.000   -174.857   0.000000          0   0.000000   0.000000 
    58.286   -174.857   0.000000          0   0.000000   0.000000 
   116.571   -174.857   0.000000          0   0.000000   0.000000 
   174.857   -174.857   0.000000          0   0.000000   0.000000 
   233.143   -174.857   0.000000          0   0.000000   0.000000 
   291.429   -174.857   0.000000          0   0.000000   0.000000 
   349.714   -174.857   0.000000          0   0.000000   0.000000 
   408.000   -174.857   0.000000          0   0.000000   0.000000 
  -408.000   -116.571   0.000000          0   0.000000   0.000000 
  -349.714   -116.571   0.000000          0   0.000000   0.000000 
  -291.429   -116.571   0.000000          0   0.000000   0.000000 
  -233.143   -116.571   0.000000          0   0.000000   0.000000 
  -174.857   -116.571   0.000000          0   0.000000   0.000000 
  -116.571   -116.571   0.000000          0   0.000000   0.000000 
   -58.286   -116.571   0.000000          0   0.000000   0.000000 
     0.000   -116.571   0.000000          0   0.000000   0.000000 
    58.286   -116.571   0.000000          0   0.000000   0.000000 
   116.571   -116.571   0.000000          0   0.000000   0.000000 
   174.857   -116.571   0.000000          0   0.000000   0.000000 
   233.143   -116.571   0.000000          0   0.000000   0.000000 
   291.429   -116.571   0.000000          0   0.000000   0.000000 
   349.714   -116.571   0.000000          0   0.000000   0.000000 
   408.000   -116.571   0.000000          0   0.000000   0.000000 
  -408.000    -58.286   0.000000          0   0.000000   0.000000 
  -349.714    -58.286   0.000000          0   0.000000   0.000000 
  -291.429    -58.286   0.000000          0   0.000000   0.000000 
  -233.143    -58.286   0.000000          0   0.000000   0.000000 
  -174.857    -58.286   0.000000          0   0.000000   0.000000 
  -116.571    -58.286   0.000000          0   0.000000   0.000000 
   -58.286    -58.286   0.000000          0   0.000000   0.000000 
     0.000    -58.286   0.000000          0   0.000000   0.000000 
    58.286    -58.286   0.005087        816  -0.015108   0.005019 
   116.571    -58.286   0.000000          0   0.000000   0.000000 
   174.857    -58.286   0.000000          0   0.000000   0.000000 
   233.143    -58.286   0.000000          0   0.000000   0.000000 
   291.429    -58.286   0.000000          0   0.000000   0.000000 
   349.714    -58.286   0.000000          0   0.000000   0.000000 
   408.000    -58.286   0.000000          0   0.000000   0.000000 
  -408.000      0.000   0.000000          0   0.000000   0.000000 
  -349.714      0.000   0.000000          0   0.000000   0.000000 
  -291.429      0.000   0.000000          0   0.000000   0.000000 
  -233.143      0.000   0.000000          0   0.000000   0.000000 
  -174.857      0.000   0.000000          0   0.000000   0.000000 
  -116.571      0.000   0.000000          0   0.000000   0.000000 
   -58.286      0.000   0.012219       1718  -0.068924   0.095088 
     0.000      0.000   0.012902       8610  -0.101895   0.035580 
    58.286      0.000   0.014228       7957  -0.089004  -0.039503 
   116.571      0.000   0.013142        671  -0.090303  -0.146666 
   174.857      0.000   0.000000          0   0.000000   0.000000 
   233.143      0.000   0.000000          0   0.000000   0.000000 
   291.429      0.000   0.000000          0   0.000000   0.000000 
   349.714      0.000   0.000000          0   0.000000   0.000000 
   408.000      0.000   0.000000          0   0.000000   0.000000 
  -408.000     58.286   0.000000          0   0.000000   0.000000 
  -349.714     58.286   0.000000          0   0.000000   0.000000 
  -291.429     58.286   0.000000          0   0.000000   0.000000 
  -233.143     58.286   0.000000          0   0.000000   0.000000 
  -174.857     58.286   0.000000          0   0.000000   0.000000 
  -116.571     58.286   0.000000          0   0.000000   0.000000 
   -58.286     58.286   0.014379       6103  -0.016914   0.128569 
     0.000     58.286   0.009638       7471  -0.018619   0.056355 
    58.286     58.286   0.009772       9978  -0.020564  -0.068608 
   116.571     58.286   0.013933       3458  -0.003845  -0.131377 
   174.857     58.286   0.000000          0   0.000000   0.000000 
   233.143     58.286   0.000000          0   0.000000   0.000000 
   291.429     58.286   0.000000          0   0.000000   0.000000 
   349.714     58.286   0.000000          0   0.000000   0.000000 
   408.000     58.286   0.000000          0   0.000000   0.000000 
  -408.000    116.571   0.000000          0   0.000000   0.000000 
  -349.714    116.571   0.000000          0   0.000000   0.000000 
  -291.429    116.571   0.000000          0   0.000000   0.000000 
  -233.143    116.571   0.000000          0   0.000000   0.000000 
  -174.857    116.571   0.000000          0   0.000000   0.000000 
  -116.571    116.571   0.000000          0   0.000000   0.000000 
   -58.286    116.571   0.012457       3326   0.061878   0.103648 
     0.000    116.571   0.011851      11293   0.080388   0.041428 
    58.286    116.571   0.011883       9941   0.079311  -0.057992 
   116.571    116.571   0.013600       1460   0.049245  -0.123737 
   174.857    116.571   0.000000          0   0.000000   0.000000 
   233.143    116.571   0.000000          0   0.000000   0.000000 
   291.429    116.571   0.000000          0   0.000000   0.000000 
   349.714    116.571   0.000000          0   0.000000   0.000000 
   408.000    116.571   0.000000          0   0.000000   0.000000 
  -408.000    174.857   0.000000          0   0.000000   0.000000 
  -349.714    174.857   0.000000          0   0.000000   0.000000 
  -291.429    174.857   0.000000          0   0.000000   0.000000 
  -233.143    174.857   0.000000          0   0.000000   0.000000 
  -174.857    174.857   0.000000          0   0.000000   0.000000 
  -116.571    174.857   0.000000          0   0.000000   0.000000 
   -58.286    174.857   0.000000          0   0.000000   0.000000 
     0.000    174.857   0.010072       1063   0.112326   0.022360 
    58.286    174.857   0.012859       1072   0.119313  -0.023257 
   116.571    174.857   0.000000          0   0.000000   0.000000 
   174.857    174.857   0.000000          0   0.000000   0.000000 
   233.143    174.857   0.000000          0   0.000000   0.000000 
   291.429    174.857   0.000000          0   0.000000   0.000000 
   349.714    174.857   0.000000          0   0.000000   0.000000 
   408.000    174.857   0.000000          0   0.000000   0.000000 
  -408.000    233.143   0.000000          0   0.000000   0.000000 
  -349.714    233.143   0.000000          0   0.000000   0.000000 
  -291.429    233.143   0.000000          0   0.000000   0.000000 
  -233.143    233.143   0.000000          0   0.000000   0.000000 
  -174.857    233.143   0.000000          0   0.000000   0.000000 
  -116.571    233.143   0.000000          0   0.000000   0.000000 
   -58.286    233.143   0.000000          0   0.000000   0.000000 
     0.000    233.143   0.000000          0   0.000000   0.000000 
    58.286    233.143   0.000000          0   0.000000   0.000000 
   116.571    233.143   0.000000          0   0.000000   0.000000 
   174.857    233.143   0.000000          0   0.000000   0.000000 
   233.143    233.143   0.000000          0   0.000000   0.000000 
   291.429    233.143   0.000000          0   0.000000   0.000000 
   349.714    233.143   0.000000          0   0.000000   0.000000 
   408.000    233.143   0.000000          0   0.000000   0.000000 
  -408.000    291.429   0.000000          0   0.000000   0.000000 
  -349.714    291.429   0.000000          0   0.000000   0.000000 
  -291.429    291.429   0.000000          0   0.000000   0.000000 
  -233.143    291.429   0.000000          0   0.000000   0.000000 
  -174.857    291.429   0.000000          0   0.000000   0.000000 
  -116.571    291.429   0.000000          0   0.000000   0.000000 
   -58.286    291.429   0.000000          0   0.000000   0.000000 
     0.000    291.429   0.000000          0   0.000000   0.000000 
    58.286    291.429   0.000000          0   0.000000   0.000000 
   116.571    291.429   0.000000          0   0.000000   0.000000 
   174.857    291.429   0.000000          0   0.000000   0.000000 
   233.143    291.429   0.000000          0   0.000000   0.000000 
   291.429    291.429   0.000000          0   0.000000   0.000000 
   349.714    291.429   0.000000          0   0.000000   0.000000 
   408.000    291.429   0.000000          0   0.000000   0.000000 
  -408.000    349.714   0.000000          0   0.000000   0.000000 
  -349.714    349.714   0.000000          0   0.000000   0.000000 
  -291.429    349.714   0.000000          0   0.000000   0.000000 
  -233.143    349.714   0.000000          0   0.000000   0.000000 
  -174.857    349.714   0.000000          0   0.000000   0.000000 
  -116.571    349.714   0.000000          0   0.000000   0.000000 
   -58.286    349.714   0.000000          0   0.000000   0.000000 
     0.000    349.714   0.000000          0   0.000000   0.000000 
    58.286    349.714   0.000000          0   0.000000   0.000000 
   116.571    349.714   0.000000          0   0.000000   0.000000 
   174.857    349.714   0.000000          0   0.000000   0.000000 
   233.143    349.714   0.000000          0   0.000000   0.000000 
   291.429    349.714   0.000000          0   0.000000   0.000000 
   349.714    349.714   0.000000          0   0.000000   0.000000 
   408.000    349.714   0.000000          0   0.000000   0.000000 
  -408.000    408.000   0.000000          0   0.000000   0.000000 
  -349.714    408.000   0.000000          0   0.000000   0.000000 
  -291.429    408.000   0.000000          0   0.000000   0.000000 
  -233.143    408.000   0.000000          0   0.000000   0.000000 
  -174.857    408.000   0.000000          0   0.000000   0.000000 
  -116.571    408.000   0.000000          0   0.000000   0.000000 
   -58.286    408.000   0.000000          0   0.000000   0.000000 
     0.000    408.000   0.000000          0   0.000000   0.000000 
    58.286    408.000   0.000000          0   0.000000   0.000000 
   116.571    408.000   0.000000          0   0.000000   0.000000 
   174.857    408.000   0.000000          0   0.000000   0.000000 
   233.143    408.000   0.000000          0   0.000000   0.000000 
   291.429    408.000   0.000000          0   0.000000   0.000000 
   349.714    408.000   0.000000          0   0.000000   0.000000 
   408.000    408.000   0.000000          0   0.000000   0.000000 
