    X          Y          T         n          ux         uy    
  -408.000   -408.000   0.000000          0   0.000000   0.000000 
  -349.714   -408.000   0.000000          0   0.000000   0.000000 
  -291.429   -408.000   0.000000          0   0.000000   0.000000 
  -233.143   -408.000   0.000000          0   0.000000   0.000000 
  -174.857   -408.000   0.000000          0   0.000000   0.000000 
  -116.571   -408.000   0.000000          0   0.000000   0.000000 
   -58.286   -408.000   0.000000          0   0.000000   0.000000 
     0.000   -408.000   0.000000          0   0.000000   0.000000 
    58.286   -408.000   0.000000          0   0.000000   0.000000 
   116.571   -408.000   0.000000          0   0.000000   0.000000 
   174.857   -408.000   0.000000          0   0.000000   0.000000 
   233.143   -408.000   0.000000          0   0.000000   0.000000 
   291.429   -408.000   0.000000          0   0.000000   0.000000 
   349.714   -408.000   0.000000          0   0.000000   0.000000 
   408.000   -408.000   0.000000          0   0.000000   0.000000 
  -408.000   -349.714   0.000000          0   0.000000   0.000000 
  -349.714   -349.714   0.000000          0   0.000000   0.000000 
  -291.429   -349.714   0.000000          0   0.000000   0.000000 
  -233.143   -349.714   0.000000          0   0.000000   0.000000 
  -174.857   -349.714   0.387658       3648   0.413047  -0.183426 
  -116.571   -349.714   0.333428       8209   0.431274  -0.146509 
   -58.286   -349.714   0.351609      10109   0.397628  -0.086192 
     0.000   -349.714   0.372101       9875   0.426198   0.005722 
    58.286   -349.714   0.353168      10862   0.387878   0.054683 
   116.571   -349.714   0.320560       9354   0.400366   0.097509 
   174.857   -349.714   0.268653       6946   0.378667   0.179055 
   233.143   -349.714   0.325016          9   0.713791   0.367324 
   291.429   -349.714   0.000000          0   0.000000   0.000000 
   349.714   -349.714   0.000000          0   0.000000   0.000000 
   408.000   -349.714   0.000000          0   0.000000   0.000000 
  -408.000   -291.429   0.000000          0   0.000000   0.000000 
  -349.714   -291.429   0.000000          0   0.000000   0.000000 
  -291.429   -291.429   0.302379        117   0.278632  -0.171771 
  -233.143   -291.429   0.308758      10316   0.279330  -0.229166 
  -174.857   -291.429   0.335068       8167   0.336817  -0.191960 
  -116.571   -291.429   0.351846       5033   0.301201  -0.126275 
   -58.286   -291.429   0.391725       5676   0.297659  -0.020483 
     0.000   -291.429   0.359908       5815   0.297752  -0.055429 
    58.286   -291.429   0.386238       5702   0.284813   0.029054 
   116.571   -291.429   0.359958       5544   0.300135   0.101803 
   174.857   -291.429   0.333612       7451   0.256345   0.149599 
   233.143   -291.429   0.295122      11538   0.317144   0.244876 
   291.429   -291.429   0.316179       1177   0.312000   0.320559 
   349.714   -291.429   0.000000          0   0.000000   0.000000 
   408.000   -291.429   0.000000          0   0.000000   0.000000 
  -408.000   -233.143   0.000000          0   0.000000   0.000000 
  -349.714   -233.143   0.000000          0   0.000000   0.000000 
  -291.429   -233.143   0.305280       9483   0.245021  -0.291079 
  -233.143   -233.143   0.331626       6246   0.214985  -0.230404 
  -174.857   -233.143   0.372502       7129   0.167116  -0.187289 
  -116.571   -233.143   0.383206       8229   0.207925  -0.091171 
   -58.286   -233.143   0.378315       7181   0.191666  -0.068695 
     0.000   -233.143   0.415798       6072   0.233055  -0.024772 
    58.286   -233.143   0.391633       7198   0.194168   0.062559 
   116.571   -233.143   0.394996       7062   0.193321   0.090638 
   174.857   -233.143   0.366844       7522   0.225482   0.139180 
   233.143   -233.143   0.329452       6143   0.218400   0.126387 
   291.429   -233.143   0.303991      12619   0.260165   0.317020 
   349.714   -233.143   0.000000          0   0.000000   0.000000 
   408.000   -233.143   0.000000          0   0.000000   0.000000 
  -408.000   -174.857   0.000000          0   0.000000   0.000000 
  -349.714   -174.857   0.375862       3757   0.182026  -0.377487 
  -291.429   -174.857   0.306742       8442   0.186036  -0.325224 
  -233.143   -174.857   0.346506       7122   0.148878  -0.162155 
  -174.857   -174.857   0.370072       7718   0.104253  -0.160066 
  -116.571   -174.857   0.430940       5672   0.087162  -0.091560 
   -58.286   -174.857   0.458773       6359   0.132132  -0.121114 
     0.000   -174.857   0.431706       6225   0.149913  -0.022374 
    58.286   -174.857   0.451696       7374   0.147763   0.045234 
   116.571   -174.857   0.421494       8640   0.125841   0.063634 
   174.857   -174.857   0.349265       6716   0.106100   0.099983 
   233.143   -174.857   0.346184       9167   0.121690   0.159257 
   291.429   -174.857   0.321170       7110   0.158677   0.297152 
   349.714   -174.857   0.305741       7133   0.189052   0.407784 
   408.000   -174.857   0.000000          0   0.000000   0.000000 
  -408.000   -116.571   0.000000          0   0.000000   0.000000 
  -349.714   -116.571   0.335772       8088   0.130712  -0.406037 
  -291.429   -116.571   0.349134       4272   0.094089  -0.340503 
  -233.143   -116.571   0.335139       8364   0.079220  -0.183792 
  -174.857   -116.571   0.424280       5974   0.140823  -0.108599 
  -116.571   -116.571   0.414508       8598   0.069559  -0.102378 
   -58.286   -116.571   0.462285       6845   0.025122  -0.056673 
     0.000   -116.571   0.435133       7741   0.022996  -0.051255 
    58.286   -116.571   0.456214       7239   0.026091   0.036695 
   116.571   -116.571   0.404644       6799   0.050210   0.052043 
   174.857   -116.571   0.429513       6443   0.109181   0.171468 
   233.143   -116.571   0.394647       8468   0.060293   0.148417 
   291.429   -116.571   0.392108       4877   0.030343   0.279386 
   349.714   -116.571   0.367812      10800   0.086130   0.397715 
   408.000   -116.571   0.000000          0   0.000000   0.000000 
  -408.000    -58.286   0.000000          0   0.000000   0.000000 
  -349.714    -58.286   0.297693      10408   0.068850  -0.390488 
  -291.429    -58.286   0.378202       6052   0.095608  -0.232894 
  -233.143    -58.286   0.375492       8367   0.072424  -0.149026 
  -174.857    -58.286   0.394754       6872   0.053738  -0.120020 
  -116.571    -58.286   0.443482       7172   0.015064  -0.065777 
   -58.286    -58.286   0.452308       7114   0.043373  -0.064468 
     0.000    -58.286   0.431020       7410   0.013103  -0.018837 
    58.286    -58.286   0.451423       7629  -0.008224   0.014591 
   116.571    -58.286   0.431373       7138   0.030059   0.066506 
   174.857    -58.286   0.459817       7927   0.000361   0.086986 
   233.143    -58.286   0.403662       7954   0.038377   0.181966 
   291.429    -58.286   0.406691       6725   0.024578   0.246344 
   349.714    -58.286   0.370819      10452   0.049652   0.417993 
   408.000    -58.286   0.000000          0   0.000000   0.000000 
  -408.000      0.000   0.000000          0   0.000000   0.000000 
  -349.714      0.000   0.375252       9741   0.022212  -0.435327 
  -291.429      0.000   0.382895       5500  -0.021274  -0.252019 
  -233.143      0.000   0.408139       8224  -0.013497  -0.162253 
  -174.857      0.000   0.442668       7151   0.003462  -0.107277 
  -116.571      0.000   0.532681       6021  -0.022395  -0.061847 
   -58.286      0.000   0.447753       8194  -0.038793  -0.049201 
     0.000      0.000   0.425055       6832  -0.022610  -0.021088 
    58.286      0.000   0.436813       8190  -0.003724   0.004570 
   116.571      0.000   0.462607       7136  -0.033727   0.069431 
   174.857      0.000   0.410689       8003  -0.014507   0.098616 
   233.143      0.000   0.345380       7691  -0.074254   0.171328 
   291.429      0.000   0.428814       6803  -0.041545   0.247798 
   349.714      0.000   0.359417      10222  -0.005193   0.426944 
   408.000      0.000   0.000000          0   0.000000   0.000000 
  -408.000     58.286   0.000000          0   0.000000   0.000000 
  -349.714     58.286   0.382890       8659  -0.094248  -0.435650 
  -291.429     58.286   0.402987       6993  -0.078287  -0.210932 
  -233.143     58.286   0.367308       7767  -0.065957  -0.204826 
  -174.857     58.286   0.450104       7155  -0.069677  -0.087788 
  -116.571     58.286   0.458686       7163  -0.050725  -0.056109 
   -58.286     58.286   0.450670       7658  -0.079237  -0.031191 
     0.000     58.286   0.437745       8535  -0.118952   0.004162 
    58.286     58.286   0.416038       7559  -0.110850  -0.012580 
   116.571     58.286   0.472502       6123  -0.106296   0.084684 
   174.857     58.286   0.420811       8381  -0.093935   0.094918 
   233.143     58.286   0.392504       7568  -0.095510   0.179898 
   291.429     58.286   0.437387       5375  -0.102913   0.276699 
   349.714     58.286   0.394827       9887  -0.095786   0.406123 
   408.000     58.286   0.000000          0   0.000000   0.000000 
  -408.000    116.571   0.000000          0   0.000000   0.000000 
  -349.714    116.571   0.353814       8104  -0.146866  -0.405672 
  -291.429    116.571   0.358863       4514  -0.119266  -0.310559 
  -233.143    116.571   0.388628       9536  -0.072493  -0.165801 
  -174.857    116.571   0.413235       6543  -0.085327  -0.093017 
  -116.571    116.571   0.459214       8230  -0.098306  -0.030650 
   -58.286    116.571   0.451132       7825  -0.121178   0.000392 
     0.000    116.571   0.485721       6658  -0.124411   0.013756 
    58.286    116.571   0.433144       7460  -0.111618  -0.054696 
   116.571    116.571   0.421044       8778  -0.078611   0.065577 
   174.857    116.571   0.450079       5996  -0.099808   0.115889 
   233.143    116.571   0.409515       8994  -0.049797   0.178895 
   291.429    116.571   0.391508       4251  -0.127602   0.294934 
   349.714    116.571   0.344256       8959  -0.127318   0.370534 
   408.000    116.571   0.000000          0   0.000000   0.000000 
  -408.000    174.857   0.000000          0   0.000000   0.000000 
  -349.714    174.857   0.337262       3522  -0.164875  -0.323421 
  -291.429    174.857   0.414876       8819  -0.180767  -0.329329 
  -233.143    174.857   0.397140       6445  -0.165688  -0.237369 
  -174.857    174.857   0.441585       7655  -0.128680  -0.092593 
  -116.571    174.857   0.446405       6090  -0.124984   0.000515 
   -58.286    174.857   0.423601       8211  -0.107217   0.020743 
     0.000    174.857   0.454557       7798  -0.114668  -0.001596 
    58.286    174.857   0.443852       7538  -0.143873  -0.044029 
   116.571    174.857   0.433751       6223  -0.163345   0.037105 
   174.857    174.857   0.406154       8753  -0.149379   0.103814 
   233.143    174.857   0.391687       6523  -0.178113   0.180656 
   291.429    174.857   0.371694       7318  -0.176497   0.317007 
   349.714    174.857   0.347020       4652  -0.162389   0.380807 
   408.000    174.857   0.000000          0   0.000000   0.000000 
  -408.000    233.143   0.000000          0   0.000000   0.000000 
  -349.714    233.143   0.000000          0   0.000000   0.000000 
  -291.429    233.143   0.352189       7972  -0.268591  -0.350003 
  -233.143    233.143   0.374619       6382  -0.231161  -0.222620 
  -174.857    233.143   0.384746       7479  -0.217586  -0.091002 
  -116.571    233.143   0.400607       9381  -0.165122  -0.044313 
   -58.286    233.143   0.402920       6905  -0.177471   0.010712 
     0.000    233.143   0.361424       7671  -0.156838  -0.013713 
    58.286    233.143   0.467619       7430  -0.175110   0.002547 
   116.571    233.143   0.391783       9298  -0.163972   0.048706 
   174.857    233.143   0.413702       7058  -0.165363   0.139696 
   233.143    233.143   0.453854       6398  -0.224711   0.183489 
   291.429    233.143   0.346436       9710  -0.256870   0.276765 
   349.714    233.143   0.000000          0   0.000000   0.000000 
   408.000    233.143   0.000000          0   0.000000   0.000000 
  -408.000    291.429   0.000000          0   0.000000   0.000000 
  -349.714    291.429   0.000000          0   0.000000   0.000000 
  -291.429    291.429   0.096380          6  -0.660388  -0.706924 
  -233.143    291.429   0.389812       7973  -0.330904  -0.248583 
  -174.857    291.429   0.396376       7610  -0.313241  -0.195336 
  -116.571    291.429   0.441407       4500  -0.307035  -0.033263 
   -58.286    291.429   0.380956       5540  -0.193961  -0.067638 
     0.000    291.429   0.435071       6180  -0.189133   0.027389 
    58.286    291.429   0.402971       5535  -0.227575  -0.020714 
   116.571    291.429   0.422443       4595  -0.277703   0.084732 
   174.857    291.429   0.409326       9377  -0.286139   0.152360 
   233.143    291.429   0.415265       9545  -0.285088   0.216290 
   291.429    291.429   0.500538         99  -0.416240   0.276140 
   349.714    291.429   0.000000          0   0.000000   0.000000 
   408.000    291.429   0.000000          0   0.000000   0.000000 
  -408.000    349.714   0.000000          0   0.000000   0.000000 
  -349.714    349.714   0.000000          0   0.000000   0.000000 
  -291.429    349.714   0.000000          0   0.000000   0.000000 
  -233.143    349.714   0.000000          0   0.000000   0.000000 
  -174.857    349.714   0.397099       2997  -0.443210  -0.207657 
  -116.571    349.714   0.318569       7751  -0.377489  -0.136068 
   -58.286    349.714   0.334585       9462  -0.359275  -0.061351 
     0.000    349.714   0.335572      10217  -0.330033   0.018418 
    58.286    349.714   0.350653      10500  -0.309891   0.026876 
   116.571    349.714   0.367464       9643  -0.323119   0.120350 
   174.857    349.714   0.381230       3742  -0.311422   0.147249 
   233.143    349.714   0.000000          0   0.000000   0.000000 
   291.429    349.714   0.000000          0   0.000000   0.000000 
   349.714    349.714   0.000000          0   0.000000   0.000000 
   408.000    349.714   0.000000          0   0.000000   0.000000 
  -408.000    408.000   0.000000          0   0.000000   0.000000 
  -349.714    408.000   0.000000          0   0.000000   0.000000 
  -291.429    408.000   0.000000          0   0.000000   0.000000 
  -233.143    408.000   0.000000          0   0.000000   0.000000 
  -174.857    408.000   0.000000          0   0.000000   0.000000 
  -116.571    408.000   0.000000          0   0.000000   0.000000 
   -58.286    408.000   0.000000          0   0.000000   0.000000 
     0.000    408.000   0.000000          0   0.000000   0.000000 
    58.286    408.000   0.000000          0   0.000000   0.000000 
   116.571    408.000   0.000000          0   0.000000   0.000000 
   174.857    408.000   0.000000          0   0.000000   0.000000 
   233.143    408.000   0.000000          0   0.000000   0.000000 
   291.429    408.000   0.000000          0   0.000000   0.000000 
   349.714    408.000   0.000000          0   0.000000   0.000000 
   408.000    408.000   0.000000          0   0.000000   0.000000 
