    X          Y          T         n          ux         uy    
  -408.000   -408.000   0.000000          0   0.000000   0.000000 
  -349.714   -408.000   0.000000          0   0.000000   0.000000 
  -291.429   -408.000   0.000000          0   0.000000   0.000000 
  -233.143   -408.000   0.000000          0   0.000000   0.000000 
  -174.857   -408.000   0.000000          0   0.000000   0.000000 
  -116.571   -408.000   0.000000          0   0.000000   0.000000 
   -58.286   -408.000   0.000000          0   0.000000   0.000000 
     0.000   -408.000   0.000000          0   0.000000   0.000000 
    58.286   -408.000   0.000000          0   0.000000   0.000000 
   116.571   -408.000   0.000000          0   0.000000   0.000000 
   174.857   -408.000   0.000000          0   0.000000   0.000000 
   233.143   -408.000   0.000000          0   0.000000   0.000000 
   291.429   -408.000   0.000000          0   0.000000   0.000000 
   349.714   -408.000   0.000000          0   0.000000   0.000000 
   408.000   -408.000   0.000000          0   0.000000   0.000000 
  -408.000   -349.714   0.000000          0   0.000000   0.000000 
  -349.714   -349.714   0.000000          0   0.000000   0.000000 
  -291.429   -349.714   0.000000          0   0.000000   0.000000 
  -233.143   -349.714   0.000000          0   0.000000   0.000000 
  -174.857   -349.714   0.301871       1666   0.460611  -0.209898 
  -116.571   -349.714   0.338553       6152   0.430842  -0.152403 
   -58.286   -349.714   0.318847       7749   0.408759  -0.090991 
     0.000   -349.714   0.380521       8720   0.400611   0.000240 
    58.286   -349.714   0.376171       8263   0.418580   0.045708 
   116.571   -349.714   0.342995       9120   0.325993   0.084590 
   174.857   -349.714   0.321650       6685   0.357618   0.134648 
   233.143   -349.714   0.335049        170   0.412941   0.241979 
   291.429   -349.714   0.000000          0   0.000000   0.000000 
   349.714   -349.714   0.000000          0   0.000000   0.000000 
   408.000   -349.714   0.000000          0   0.000000   0.000000 
  -408.000   -291.429   0.000000          0   0.000000   0.000000 
  -349.714   -291.429   0.000000          0   0.000000   0.000000 
  -291.429   -291.429   0.000000          0   0.000000   0.000000 
  -233.143   -291.429   0.283786       6179   0.285542  -0.220937 
  -174.857   -291.429   0.318770       8739   0.303496  -0.209631 
  -116.571   -291.429   0.403601       6388   0.275223  -0.104404 
   -58.286   -291.429   0.402331       6053   0.280625  -0.037595 
     0.000   -291.429   0.384325       6459   0.259520  -0.012354 
    58.286   -291.429   0.371694       5315   0.271597   0.038225 
   116.571   -291.429   0.337176       6343   0.232907   0.066227 
   174.857   -291.429   0.388895       5702   0.283753   0.104838 
   233.143   -291.429   0.322599      12895   0.283878   0.179440 
   291.429   -291.429   0.290415       2577   0.252776   0.279643 
   349.714   -291.429   0.000000          0   0.000000   0.000000 
   408.000   -291.429   0.000000          0   0.000000   0.000000 
  -408.000   -233.143   0.000000          0   0.000000   0.000000 
  -349.714   -233.143   0.000000          0   0.000000   0.000000 
  -291.429   -233.143   0.284120       5646   0.237815  -0.309316 
  -233.143   -233.143   0.262924       8991   0.190127  -0.185032 
  -174.857   -233.143   0.340549       5697   0.209157  -0.164651 
  -116.571   -233.143   0.404467       7979   0.133276  -0.109848 
   -58.286   -233.143   0.442897       6031   0.220188  -0.081224 
     0.000   -233.143   0.428288       7841   0.202110  -0.036334 
    58.286   -233.143   0.366990       7115   0.211722   0.086622 
   116.571   -233.143   0.397071       8142   0.203197   0.028441 
   174.857   -233.143   0.378041       8803   0.231315   0.081683 
   233.143   -233.143   0.329050       3863   0.244737   0.171290 
   291.429   -233.143   0.322352      13606   0.229488   0.267068 
   349.714   -233.143   0.322290        757   0.223172   0.340187 
   408.000   -233.143   0.000000          0   0.000000   0.000000 
  -408.000   -174.857   0.000000          0   0.000000   0.000000 
  -349.714   -174.857   0.230528       1033   0.223938  -0.383208 
  -291.429   -174.857   0.318483       9423   0.166717  -0.313268 
  -233.143   -174.857   0.325431       6462   0.156539  -0.204252 
  -174.857   -174.857   0.382055       7855   0.159183  -0.129922 
  -116.571   -174.857   0.434839       6116   0.156944  -0.073774 
   -58.286   -174.857   0.417553       6587   0.111673  -0.103996 
     0.000   -174.857   0.428685       8199   0.056269  -0.021090 
    58.286   -174.857   0.472962       7095   0.137223   0.025898 
   116.571   -174.857   0.411688       7585   0.136370   0.053833 
   174.857   -174.857   0.366358       7007   0.138966   0.003207 
   233.143   -174.857   0.343959      11432   0.138010   0.166738 
   291.429   -174.857   0.322730       4781   0.158492   0.265232 
   349.714   -174.857   0.287721       9773   0.171407   0.341289 
   408.000   -174.857   0.000000          0   0.000000   0.000000 
  -408.000   -116.571   0.000000          0   0.000000   0.000000 
  -349.714   -116.571   0.311148       5778   0.121693  -0.380776 
  -291.429   -116.571   0.307451       6340   0.109143  -0.291697 
  -233.143   -116.571   0.360268       7796   0.115708  -0.213871 
  -174.857   -116.571   0.405345       6181   0.119220  -0.126756 
  -116.571   -116.571   0.512149       7679   0.097768  -0.074568 
   -58.286   -116.571   0.494357       6416   0.085931  -0.033299 
     0.000   -116.571   0.452066       7087   0.063363  -0.064607 
    58.286   -116.571   0.438748       6827   0.058204   0.019766 
   116.571   -116.571   0.470631       7512   0.041951   0.059444 
   174.857   -116.571   0.433647       7156   0.045382   0.052266 
   233.143   -116.571   0.381350       6893   0.046641   0.157428 
   291.429   -116.571   0.359713       6671   0.100348   0.198294 
   349.714   -116.571   0.330214      11900   0.119019   0.372237 
   408.000   -116.571   0.000000          0   0.000000   0.000000 
  -408.000    -58.286   0.000000          0   0.000000   0.000000 
  -349.714    -58.286   0.278868       8862   0.083762  -0.349448 
  -291.429    -58.286   0.285854       5332   0.123992  -0.299639 
  -233.143    -58.286   0.360899       8815   0.059669  -0.200090 
  -174.857    -58.286   0.454201       5552   0.081447  -0.104762 
  -116.571    -58.286   0.446288       7333   0.061254  -0.098163 
   -58.286    -58.286   0.463652       6244   0.083001  -0.037117 
     0.000    -58.286   0.454293       7855   0.068125   0.000449 
    58.286    -58.286   0.470462       7914   0.033231   0.039909 
   116.571    -58.286   0.457660       7007   0.044271   0.039069 
   174.857    -58.286   0.387415       9380   0.001531   0.046692 
   233.143    -58.286   0.362044       6621   0.020387   0.131899 
   291.429    -58.286   0.403988       7184   0.010346   0.193501 
   349.714    -58.286   0.366390      10395   0.060731   0.375363 
   408.000    -58.286   0.332896       1823   0.048460   0.467346 
  -408.000      0.000   0.000000          0   0.000000   0.000000 
  -349.714      0.000   0.318676       9634   0.042318  -0.387466 
  -291.429      0.000   0.331582       6688   0.067033  -0.254316 
  -233.143      0.000   0.343792       8399   0.046782  -0.176227 
  -174.857      0.000   0.395500       6556   0.044102  -0.106539 
  -116.571      0.000   0.440748       8004   0.027108  -0.048525 
   -58.286      0.000   0.439001       7916   0.032817  -0.026919 
     0.000      0.000   0.442265       6924  -0.010484  -0.006116 
    58.286      0.000   0.453541       7755   0.003881   0.017486 
   116.571      0.000   0.453275       7802   0.028199   0.039675 
   174.857      0.000   0.396069       8520   0.030348   0.063878 
   233.143      0.000   0.422515       7272   0.009918   0.143986 
   291.429      0.000   0.375910       6646   0.012723   0.219988 
   349.714      0.000   0.350957       9594  -0.022862   0.326139 
   408.000      0.000   0.362570       3198  -0.020773   0.500477 
  -408.000     58.286   0.000000          0   0.000000   0.000000 
  -349.714     58.286   0.357301       9597  -0.047444  -0.412537 
  -291.429     58.286   0.361560       6074  -0.034708  -0.236593 
  -233.143     58.286   0.366581       8489  -0.045282  -0.176585 
  -174.857     58.286   0.392509       8842  -0.031622  -0.090802 
  -116.571     58.286   0.434474       6480   0.002915  -0.058812 
   -58.286     58.286   0.442268       8075  -0.033706  -0.026437 
     0.000     58.286   0.434083       9014  -0.009732   0.026149 
    58.286     58.286   0.419683       8802  -0.029559   0.006582 
   116.571     58.286   0.430673       6792  -0.015930   0.027523 
   174.857     58.286   0.380187       8405  -0.029504   0.081277 
   233.143     58.286   0.422651       6901  -0.046905   0.166921 
   291.429     58.286   0.418296       8800  -0.040305   0.174357 
   349.714     58.286   0.377456       9505  -0.077241   0.385259 
   408.000     58.286   0.436127       1753  -0.064629   0.417981 
  -408.000    116.571   0.000000          0   0.000000   0.000000 
  -349.714    116.571   0.334107       8582  -0.132011  -0.400904 
  -291.429    116.571   0.427406       4449  -0.132183  -0.284490 
  -233.143    116.571   0.351303       8902  -0.090452  -0.185008 
  -174.857    116.571   0.441093       5951  -0.070531  -0.152215 
  -116.571    116.571   0.439961       8849  -0.079702  -0.050400 
   -58.286    116.571   0.427318       5552  -0.091497  -0.022467 
     0.000    116.571   0.424669       8467  -0.075715   0.022274 
    58.286    116.571   0.402433       7165  -0.064787  -0.000216 
   116.571    116.571   0.441753       8190  -0.085137   0.051237 
   174.857    116.571   0.436623       6956  -0.107640   0.088036 
   233.143    116.571   0.389722       9093  -0.069897   0.163220 
   291.429    116.571   0.409756       4899  -0.146482   0.230822 
   349.714    116.571   0.311907      10301  -0.116560   0.400225 
   408.000    116.571   0.000000          0   0.000000   0.000000 
  -408.000    174.857   0.000000          0   0.000000   0.000000 
  -349.714    174.857   0.264259       2185  -0.193947  -0.439810 
  -291.429    174.857   0.344846      11464  -0.165966  -0.288533 
  -233.143    174.857   0.375713       7201  -0.099547  -0.167438 
  -174.857    174.857   0.432572       8342  -0.123235  -0.126562 
  -116.571    174.857   0.418088       6633  -0.157672  -0.056941 
   -58.286    174.857   0.418313       8810  -0.123891  -0.037675 
     0.000    174.857   0.425875       9133  -0.062575   0.022147 
    58.286    174.857   0.493481       7233  -0.109423   0.021407 
   116.571    174.857   0.429408       6800  -0.111274   0.053151 
   174.857    174.857   0.454996       7006  -0.057537   0.086080 
   233.143    174.857   0.412727       7620  -0.143485   0.207771 
   291.429    174.857   0.390082       6259  -0.168383   0.230282 
   349.714    174.857   0.330584       9018  -0.176896   0.328138 
   408.000    174.857   0.000000          0   0.000000   0.000000 
  -408.000    233.143   0.000000          0   0.000000   0.000000 
  -349.714    233.143   0.000000          0   0.000000   0.000000 
  -291.429    233.143   0.301981       9797  -0.203941  -0.289805 
  -233.143    233.143   0.331141       6144  -0.219230  -0.271821 
  -174.857    233.143   0.357786       7764  -0.146650  -0.112861 
  -116.571    233.143   0.395741       8842  -0.134656  -0.076711 
   -58.286    233.143   0.421814       6548  -0.154440  -0.042961 
     0.000    233.143   0.377474       7196  -0.157597   0.005096 
    58.286    233.143   0.435624       8751  -0.136641   0.040186 
   116.571    233.143   0.442490       8613  -0.181983   0.027398 
   174.857    233.143   0.423046       9592  -0.184576   0.116729 
   233.143    233.143   0.372478       5113  -0.196922   0.211827 
   291.429    233.143   0.340532      10956  -0.243391   0.312451 
   349.714    233.143   0.243103        409  -0.318651   0.416904 
   408.000    233.143   0.000000          0   0.000000   0.000000 
  -408.000    291.429   0.000000          0   0.000000   0.000000 
  -349.714    291.429   0.000000          0   0.000000   0.000000 
  -291.429    291.429   0.000000          0   0.000000   0.000000 
  -233.143    291.429   0.316851      10820  -0.281648  -0.236302 
  -174.857    291.429   0.353528       9139  -0.348280  -0.156227 
  -116.571    291.429   0.379670       5737  -0.236001  -0.092928 
   -58.286    291.429   0.426237       6750  -0.215133  -0.044273 
     0.000    291.429   0.422974       8254  -0.210400   0.012759 
    58.286    291.429   0.420957       6484  -0.237229   0.061048 
   116.571    291.429   0.434223       5344  -0.245885   0.059320 
   174.857    291.429   0.391054       6665  -0.307054   0.111644 
   233.143    291.429   0.431436      12354  -0.297176   0.216931 
   291.429    291.429   0.382470       1938  -0.307454   0.292695 
   349.714    291.429   0.000000          0   0.000000   0.000000 
   408.000    291.429   0.000000          0   0.000000   0.000000 
  -408.000    349.714   0.000000          0   0.000000   0.000000 
  -349.714    349.714   0.000000          0   0.000000   0.000000 
  -291.429    349.714   0.000000          0   0.000000   0.000000 
  -233.143    349.714   0.000000          0   0.000000   0.000000 
  -174.857    349.714   0.335115       4236  -0.322130  -0.185813 
  -116.571    349.714   0.363668      10314  -0.353882  -0.145549 
   -58.286    349.714   0.366880      10906  -0.371122  -0.074248 
     0.000    349.714   0.370107      11438  -0.353815   0.022451 
    58.286    349.714   0.411267      11437  -0.344253   0.062192 
   116.571    349.714   0.401833      11187  -0.315535   0.085680 
   174.857    349.714   0.420635       6112  -0.393741   0.179180 
   233.143    349.714   0.304010        171  -0.286717   0.134847 
   291.429    349.714   0.000000          0   0.000000   0.000000 
   349.714    349.714   0.000000          0   0.000000   0.000000 
   408.000    349.714   0.000000          0   0.000000   0.000000 
  -408.000    408.000   0.000000          0   0.000000   0.000000 
  -349.714    408.000   0.000000          0   0.000000   0.000000 
  -291.429    408.000   0.000000          0   0.000000   0.000000 
  -233.143    408.000   0.000000          0   0.000000   0.000000 
  -174.857    408.000   0.000000          0   0.000000   0.000000 
  -116.571    408.000   0.000000          0   0.000000   0.000000 
   -58.286    408.000   0.000000          0   0.000000   0.000000 
     0.000    408.000   0.000000          0   0.000000   0.000000 
    58.286    408.000   0.000000          0   0.000000   0.000000 
   116.571    408.000   0.000000          0   0.000000   0.000000 
   174.857    408.000   0.000000          0   0.000000   0.000000 
   233.143    408.000   0.000000          0   0.000000   0.000000 
   291.429    408.000   0.000000          0   0.000000   0.000000 
   349.714    408.000   0.000000          0   0.000000   0.000000 
   408.000    408.000   0.000000          0   0.000000   0.000000 
