    X          Y          T         n          ux         uy    
  -408.000   -408.000   0.000000          0   0.000000   0.000000 
  -349.714   -408.000   0.000000          0   0.000000   0.000000 
  -291.429   -408.000   0.000000          0   0.000000   0.000000 
  -233.143   -408.000   0.000000          0   0.000000   0.000000 
  -174.857   -408.000   0.000000          0   0.000000   0.000000 
  -116.571   -408.000   0.000000          0   0.000000   0.000000 
   -58.286   -408.000   0.000000          0   0.000000   0.000000 
     0.000   -408.000   0.000000          0   0.000000   0.000000 
    58.286   -408.000   0.000000          0   0.000000   0.000000 
   116.571   -408.000   0.000000          0   0.000000   0.000000 
   174.857   -408.000   0.000000          0   0.000000   0.000000 
   233.143   -408.000   0.000000          0   0.000000   0.000000 
   291.429   -408.000   0.000000          0   0.000000   0.000000 
   349.714   -408.000   0.000000          0   0.000000   0.000000 
   408.000   -408.000   0.000000          0   0.000000   0.000000 
  -408.000   -349.714   0.000000          0   0.000000   0.000000 
  -349.714   -349.714   0.000000          0   0.000000   0.000000 
  -291.429   -349.714   0.000000          0   0.000000   0.000000 
  -233.143   -349.714   0.000000          0   0.000000   0.000000 
  -174.857   -349.714   0.160541        216   0.156782   0.008522 
  -116.571   -349.714   0.165891        985   0.049452   0.007948 
   -58.286   -349.714   0.164268       1101   0.083081  -0.083130 
     0.000   -349.714   0.115962       5339   0.019932  -0.005907 
    58.286   -349.714   0.117626       6004   0.013105  -0.001741 
   116.571   -349.714   0.102955       6890   0.028537   0.008042 
   174.857   -349.714   0.104444       6036   0.032802   0.015496 
   233.143   -349.714   0.117831         22  -0.101485  -0.096619 
   291.429   -349.714   0.000000          0   0.000000   0.000000 
   349.714   -349.714   0.000000          0   0.000000   0.000000 
   408.000   -349.714   0.000000          0   0.000000   0.000000 
  -408.000   -291.429   0.000000          0   0.000000   0.000000 
  -349.714   -291.429   0.000000          0   0.000000   0.000000 
  -291.429   -291.429   0.000000          0   0.000000   0.000000 
  -233.143   -291.429   0.110684       2662   0.006190  -0.023981 
  -174.857   -291.429   0.126659       6135   0.015509  -0.013418 
  -116.571   -291.429   0.120728       6614  -0.007737   0.014955 
   -58.286   -291.429   0.139562       5647  -0.053960   0.018885 
     0.000   -291.429   0.131508       7001  -0.052118  -0.008468 
    58.286   -291.429   0.135003       8889  -0.028870  -0.021818 
   116.571   -291.429   0.120947       5537  -0.018068  -0.008399 
   174.857   -291.429   0.107711       9256  -0.000946   0.012437 
   233.143   -291.429   0.119045      11100   0.021238   0.009778 
   291.429   -291.429   0.142227       2970  -0.001942   0.008573 
   349.714   -291.429   0.000000          0   0.000000   0.000000 
   408.000   -291.429   0.000000          0   0.000000   0.000000 
  -408.000   -233.143   0.000000          0   0.000000   0.000000 
  -349.714   -233.143   0.000000          0   0.000000   0.000000 
  -291.429   -233.143   0.128496       1591  -0.017587   0.001188 
  -233.143   -233.143   0.127377       6146  -0.028138   0.000839 
  -174.857   -233.143   0.138601       6080  -0.079467   0.015304 
  -116.571   -233.143   0.129925       7889  -0.092311   0.044811 
   -58.286   -233.143   0.128015       5787  -0.099374   0.006671 
     0.000   -233.143   0.139610       7678  -0.054917  -0.003645 
    58.286   -233.143   0.140475       6836  -0.055711  -0.043941 
   116.571   -233.143   0.134496      10377  -0.040660  -0.024323 
   174.857   -233.143   0.118286      11033  -0.028371  -0.009913 
   233.143   -233.143   0.154420       3912  -0.010615  -0.024164 
   291.429   -233.143   0.136012      14105   0.017988   0.012645 
   349.714   -233.143   0.083996        700   0.042464   0.073960 
   408.000   -233.143   0.000000          0   0.000000   0.000000 
  -408.000   -174.857   0.000000          0   0.000000   0.000000 
  -349.714   -174.857   0.082778        276   0.027417  -0.026709 
  -291.429   -174.857   0.124495       8237  -0.008889   0.022814 
  -233.143   -174.857   0.142371       6615  -0.040750   0.027383 
  -174.857   -174.857   0.156871       6578  -0.061695   0.054928 
  -116.571   -174.857   0.126020       9959  -0.047815   0.036369 
   -58.286   -174.857   0.117762      10976  -0.064899  -0.003812 
     0.000   -174.857   0.130373      10891  -0.079532   0.001846 
    58.286   -174.857   0.114073      10307  -0.077110  -0.032979 
   116.571   -174.857   0.112954       6826  -0.092007  -0.038178 
   174.857   -174.857   0.121261       9532  -0.046955  -0.021097 
   233.143   -174.857   0.124731      11626  -0.039915  -0.040473 
   291.429   -174.857   0.127432       5112  -0.030613   0.004383 
   349.714   -174.857   0.098164      12322   0.009558   0.016162 
   408.000   -174.857   0.000000          0   0.000000   0.000000 
  -408.000   -116.571   0.000000          0   0.000000   0.000000 
  -349.714   -116.571   0.145949       1639  -0.001839  -0.008591 
  -291.429   -116.571   0.126652       7033  -0.043480   0.063382 
  -233.143   -116.571   0.136713       7634  -0.038090   0.052796 
  -174.857   -116.571   0.120529       7381  -0.082648   0.064678 
  -116.571   -116.571   0.112149       9651  -0.063578   0.044239 
   -58.286   -116.571   0.077595       8640  -0.085440   0.016620 
     0.000   -116.571   0.081319       9865  -0.086331   0.003828 
    58.286   -116.571   0.089958       9778  -0.087475  -0.029431 
   116.571   -116.571   0.103871      10667  -0.082453  -0.032602 
   174.857   -116.571   0.114108      10178  -0.061173  -0.067563 
   233.143   -116.571   0.115278       9344  -0.030115  -0.047863 
   291.429   -116.571   0.138970       6234  -0.020653  -0.029038 
   349.714   -116.571   0.112579      12325  -0.002136   0.004945 
   408.000   -116.571   0.000000          0   0.000000   0.000000 
  -408.000    -58.286   0.000000          0   0.000000   0.000000 
  -349.714    -58.286   0.127494       3454  -0.015550   0.053053 
  -291.429    -58.286   0.133361       6637  -0.022922   0.064354 
  -233.143    -58.286   0.125788       9529  -0.035185   0.073420 
  -174.857    -58.286   0.105406       7463  -0.069236   0.083608 
  -116.571    -58.286   0.073865      12883  -0.066001   0.047310 
   -58.286    -58.286   0.068509       9099  -0.078446   0.037543 
     0.000    -58.286   0.060190       9202  -0.079660  -0.003070 
    58.286    -58.286   0.052948      12084  -0.069239  -0.033246 
   116.571    -58.286   0.059645      11112  -0.069777  -0.043040 
   174.857    -58.286   0.099157      11540  -0.067420  -0.069355 
   233.143    -58.286   0.122570       8256  -0.053669  -0.085296 
   291.429    -58.286   0.114836      11220  -0.033106  -0.041143 
   349.714    -58.286   0.153157       8644  -0.019681  -0.001473 
   408.000    -58.286   0.152807       1241  -0.005118   0.027773 
  -408.000      0.000   0.000000          0   0.000000   0.000000 
  -349.714      0.000   0.132422       7214   0.003687   0.033974 
  -291.429      0.000   0.121224       6547  -0.012152   0.097537 
  -233.143      0.000   0.107571      10540  -0.055408   0.088969 
  -174.857      0.000   0.082018      11203  -0.047469   0.069379 
  -116.571      0.000   0.054011       9697  -0.039884   0.047692 
   -58.286      0.000   0.040380      15214  -0.035347   0.020946 
     0.000      0.000   0.028017      14176  -0.032795  -0.000746 
    58.286      0.000   0.033261      12256  -0.030203  -0.023167 
   116.571      0.000   0.047256      11678  -0.036401  -0.057342 
   174.857      0.000   0.072597       9511  -0.040095  -0.059582 
   233.143      0.000   0.108207      11647  -0.041846  -0.085746 
   291.429      0.000   0.131336       7426  -0.037936  -0.070854 
   349.714      0.000   0.130561       9954  -0.017375  -0.030539 
   408.000      0.000   0.186079        907  -0.008966  -0.001114 
  -408.000     58.286   0.000000          0   0.000000   0.000000 
  -349.714     58.286   0.099733       5822  -0.014541   0.064524 
  -291.429     58.286   0.121346       8761  -0.021752   0.095664 
  -233.143     58.286   0.103549       7410  -0.014447   0.104984 
  -174.857     58.286   0.075309      13344  -0.009051   0.072778 
  -116.571     58.286   0.039451      11879  -0.011707   0.036361 
   -58.286     58.286   0.029111       7982  -0.016416   0.031080 
     0.000     58.286   0.020348      17448  -0.007397   0.002745 
    58.286     58.286   0.020156      15185  -0.010721  -0.019010 
   116.571     58.286   0.028894      10316  -0.016098  -0.047520 
   174.857     58.286   0.048868      11522  -0.017345  -0.064326 
   233.143     58.286   0.099570       9792  -0.013184  -0.093826 
   291.429     58.286   0.114572       7685  -0.001985  -0.120873 
   349.714     58.286   0.123790       8439   0.013729  -0.033377 
   408.000     58.286   0.144718       1046  -0.010333   0.028039 
  -408.000    116.571   0.000000          0   0.000000   0.000000 
  -349.714    116.571   0.112409       8896   0.010804   0.062521 
  -291.429    116.571   0.125263       6445   0.002729   0.090564 
  -233.143    116.571   0.113001      10122   0.019055   0.095627 
  -174.857    116.571   0.070372      13036   0.012360   0.065923 
  -116.571    116.571   0.029265      11887   0.005438   0.037916 
   -58.286    116.571   0.025933      11970   0.013416   0.025170 
     0.000    116.571   0.017060       6237   0.009208   0.005153 
    58.286    116.571   0.019588      17294   0.006366  -0.017372 
   116.571    116.571   0.025106      11818   0.006791  -0.042137 
   174.857    116.571   0.047886      10329   0.001745  -0.073781 
   233.143    116.571   0.073140      10756   0.018322  -0.092837 
   291.429    116.571   0.125425       9883  -0.004158  -0.089713 
   349.714    116.571   0.122729      10946   0.009343  -0.021702 
   408.000    116.571   0.000000          0   0.000000   0.000000 
  -408.000    174.857   0.000000          0   0.000000   0.000000 
  -349.714    174.857   0.108777       3053   0.018742   0.052788 
  -291.429    174.857   0.120793      10735   0.024557   0.082570 
  -233.143    174.857   0.093298      11887   0.026099   0.073886 
  -174.857    174.857   0.059564       8280   0.026599   0.083300 
  -116.571    174.857   0.032238      14423   0.031635   0.039876 
   -58.286    174.857   0.021595      11623   0.027276   0.018260 
     0.000    174.857   0.019521      14927   0.022456   0.003193 
    58.286    174.857   0.023032      10486   0.026015  -0.018376 
   116.571    174.857   0.028236      13208   0.030710  -0.041620 
   174.857    174.857   0.055606      11433   0.036916  -0.076494 
   233.143    174.857   0.087906      10157   0.031413  -0.082620 
   291.429    174.857   0.125277       8314   0.038286  -0.091518 
   349.714    174.857   0.115176       5380  -0.002003  -0.032616 
   408.000    174.857   0.000000          0   0.000000   0.000000 
  -408.000    233.143   0.000000          0   0.000000   0.000000 
  -349.714    233.143   0.000000          0   0.000000   0.000000 
  -291.429    233.143   0.114740      12064   0.045099   0.064861 
  -233.143    233.143   0.100011       5901   0.039890   0.090333 
  -174.857    233.143   0.064042      14229   0.059104   0.060986 
  -116.571    233.143   0.052211       9298   0.058472   0.045374 
   -58.286    233.143   0.030088      13944   0.048361   0.022126 
     0.000    233.143   0.025145      15651   0.048035   0.000867 
    58.286    233.143   0.027171      13355   0.050392  -0.018359 
   116.571    233.143   0.054498      10359   0.063939  -0.054033 
   174.857    233.143   0.059517      13929   0.057712  -0.062581 
   233.143    233.143   0.094643       6132   0.042329  -0.087094 
   291.429    233.143   0.085185      11588   0.023631  -0.060560 
   349.714    233.143   0.114573        208  -0.019888   0.008801 
   408.000    233.143   0.000000          0   0.000000   0.000000 
  -408.000    291.429   0.000000          0   0.000000   0.000000 
  -349.714    291.429   0.000000          0   0.000000   0.000000 
  -291.429    291.429   0.000000          0   0.000000   0.000000 
  -233.143    291.429   0.072226      15037   0.066993   0.058140 
  -174.857    291.429   0.063475       8701   0.079072   0.045562 
  -116.571    291.429   0.048637      11610   0.074418   0.046831 
   -58.286    291.429   0.054888      11488   0.093552   0.027294 
     0.000    291.429   0.048443      10795   0.096884   0.006567 
    58.286    291.429   0.061280      12975   0.088646  -0.028886 
   116.571    291.429   0.053550      10140   0.094189  -0.051117 
   174.857    291.429   0.094197       8313   0.067169  -0.066239 
   233.143    291.429   0.086744      13981   0.061733  -0.044587 
   291.429    291.429   0.088697       2257   0.041663  -0.051833 
   349.714    291.429   0.000000          0   0.000000   0.000000 
   408.000    291.429   0.000000          0   0.000000   0.000000 
  -408.000    349.714   0.000000          0   0.000000   0.000000 
  -349.714    349.714   0.000000          0   0.000000   0.000000 
  -291.429    349.714   0.000000          0   0.000000   0.000000 
  -233.143    349.714   0.000000          0   0.000000   0.000000 
  -174.857    349.714   0.053052       6236   0.100494   0.056246 
  -116.571    349.714   0.055964      11441   0.107847   0.028672 
   -58.286    349.714   0.068025      12332   0.111348   0.020156 
     0.000    349.714   0.072792      13624   0.110142   0.004183 
    58.286    349.714   0.078394      12852   0.105578  -0.016020 
   116.571    349.714   0.085421      11110   0.098876  -0.038854 
   174.857    349.714   0.082999       9526   0.073070  -0.035024 
   233.143    349.714   0.115127        115  -0.030551  -0.055189 
   291.429    349.714   0.000000          0   0.000000   0.000000 
   349.714    349.714   0.000000          0   0.000000   0.000000 
   408.000    349.714   0.000000          0   0.000000   0.000000 
  -408.000    408.000   0.000000          0   0.000000   0.000000 
  -349.714    408.000   0.000000          0   0.000000   0.000000 
  -291.429    408.000   0.000000          0   0.000000   0.000000 
  -233.143    408.000   0.000000          0   0.000000   0.000000 
  -174.857    408.000   0.000000          0   0.000000   0.000000 
  -116.571    408.000   0.000000          0   0.000000   0.000000 
   -58.286    408.000   0.000000          0   0.000000   0.000000 
     0.000    408.000   0.000000          0   0.000000   0.000000 
    58.286    408.000   0.000000          0   0.000000   0.000000 
   116.571    408.000   0.000000          0   0.000000   0.000000 
   174.857    408.000   0.000000          0   0.000000   0.000000 
   233.143    408.000   0.000000          0   0.000000   0.000000 
   291.429    408.000   0.000000          0   0.000000   0.000000 
   349.714    408.000   0.000000          0   0.000000   0.000000 
   408.000    408.000   0.000000          0   0.000000   0.000000 
